022023071010490000010000050000000
022023071010490000020009328200002
022023071010490000030000037100000
022023071010490000040000087400000
022023071010490000050013152400003
022023071010490000060006836400001
022023071010490000070000196200000
022023071010490000080000021000000
022023071010490000090000020600000
022023071010490000110002148500000
022023071011190000010000122500000
022023071011190000020021120000003
022023071011190000030000067300000
022023071011190000050022170300004
022023071011190000060009672000001
022023071011190000070000593700000
022023071011190000090000048600000
022023071011190000110008211500001
022023071011190000120000919100000
022023071011190000130000074500000
022023071011490000010000070100000
022023071011490000020014408000002
022023071011490000030000059800000
022023071011490000050016997600002
022023071011490000060006252600001
022023071011490000070000269900000
022023071011490000090000039200000
022023071011490000110006159400001
022023071011490000140000094200000
022023071011490000150000074600000
022023071011890000010000065800000
022023071011890000020016586200002
022023071011890000030000076500000
022023071011890000050018599600003
022023071011890000060008108000001
022023071011890000070000314300000
022023071011890000090000034300000
022023071011890000100005856700001
022023071011890000130000046100000
022023071011890000150000069500000
022023071011890000160000121800000
022023071012190000020009232600002
022023071012190000030000036800000
022023071012190000050009356500002
022023071012190000060003757200001
022023071012190000070000166300000
022023071012190000090000021700000
022023071012190000110002675200000
022023071012190000170000193100000
022023071012390000010000041000000
022023071012390000020013381900002
022023071012390000030000036000000
022023071012390000050013761700002
022023071012390000060005440000001
022023071012390000070000167100000
022023071012390000090000020300000
022023071012390000110002946100000
022023071012390000180000829300000
022023071012990000010000166200000
022023071012990000020023917200003
022023071012990000030000151900000
022023071012990000050030200000005
022023071012990000060012975800002
022023071012990000070000848700000
022023071012990000090000088800000
022023071012990000110009665200001
022023071012990000960000069100000
022023071014190000010000195000000
022023071014190000020038776000005
022023071014190000030000176500000
022023071014190000050035366300004
022023071014190000060014108700001
022023071014190000070000928800000
022023071014190000090000103400000
022023071014190000110014874500002
022023071014190000130000091200000
022023071014190000150000152200000
022023071014190000190000068100000
022023071019990000010000710600000
022023071019990000020146750100021
022023071019990000030000641900000
022023071019990000040000087400000
022023071019990000050159604400025
022023071019990000060067150700009
022023071019990000070003485000000
022023071019990000080000021000000
022023071019990000090000376900000
022023071019990000110052537100006
022023071019990000120000919100000
022023071019990000130000280900000
022023071019990000140000094200000
022023071019990000150000296300000
022023071019990000160000121800000
022023071019990000170000193100000
022023071019990000180000829300000
022023071019990000190000068100000
022023071022290000010000025800000
022023071022290000020004030700001
022023071022290000030000011400000
022023071022290000050004578300002
022023071022290000060001515500000
022023071022290000070000049800000
022023071022290000090000006400000
022023071022290000140000047500000
022023071022290000150000013700000
022023071022290000200000008400000
022023071022290000210001377400000
022023071022290000230000131200000
022023071022290000240000071700000
022023071024490000010000009400000
022023071024490000020002222600001
022023071024490000030000003600000
022023071024490000050002658600002
022023071024490000060000993200000
022023071024490000070000017200000
022023071024490000090000004900000
022023071024490000100000412600000
022023071024490000140000013500000
022023071024490000150000006000000
022023071024490000200000002800000
022023071024490000240000071100000
022023071024490000250001134800000
022023071025090000010000102600000
022023071025090000020015985800002
022023071025090000030000041900000
022023071025090000050018677600003
022023071025090000060007937600001
022023071025090000070000242800000
022023071025090000090000030600000
022023071025090000140000214600000
022023071025090000150000056100000
022023071025090000190000027200000
022023071025090000200000039400000
022023071025090000210006992500001
022023071025090000230000778000000
022023071025090000240000274500000
022023071029990000010000137800000
022023071029990000020022239100004
022023071029990000030000056900000
022023071029990000050025914500007
022023071029990000060010446300001
022023071029990000070000309800000
022023071029990000090000041900000
022023071029990000140000275600000
022023071029990000150000075800000
022023071029990000190000027200000
022023071029990000200000050600000
022023071029990000210008782500001
022023071029990000230002044000000
022023071029990000240000417300000
022023071033390000010000117600000
022023071033390000020020504900002
022023071033390000030000077300000
022023071033390000050021281600003
022023071033390000060007457100001
022023071033390000070000316700000
022023071033390000090000059000000
022023071033390000100008863000001
022023071033390000150000159800000
022023071033390000260000026900000
022023071033390000280000231400000
022023071039990000010000117600000
022023071039990000020020504900002
022023071039990000030000077300000
022023071039990000050021281600003
022023071039990000060007457100001
022023071039990000070000316700000
022023071039990000090000059000000
022023071039990000100008863000001
022023071039990000150000159800000
022023071039990000260000026900000
022023071039990000280000231400000
022023071040790000010000103900000
022023071040790000050017930300003
022023071040790000060007654700001
022023071040790000070000496900000
022023071040790000090000072600000
022023071040790000150000071900000
022023071040790000290015178600003
022023071040790000300008348700001
022023071049990000010000103900000
022023071049990000050017930300003
022023071049990000060007654700001
022023071049990000070000496900000
022023071049990000090000072600000
022023071049990000150000071900000
022023071049990000290015178600003
022023071049990000300008348700001
022023071053590000010000063500000
022023071053590000020017567100003
022023071053590000030000056300000
022023071053590000050013685700003
022023071053590000060007734300001
022023071053590000070000357000000
022023071053590000090000039600000
022023071053590000310003355800000
022023071053590000320004243000000
022023071053590000330005436900001
022023071053590000340000088300000
022023071053890000010000161900000
022023071053890000020016559000003
022023071053890000050017477000003
022023071053890000070000614700000
022023071053890000090000076600000
022023071053890000310008280500001
022023071053890000320000316500000
022023071053890000330005363200000
022023071053890000340000079100000
022023071059990000010000225400000
022023071059990000020034126100006
022023071059990000030000056300000
022023071059990000050031162700006
022023071059990000060007734300001
022023071059990000070000971700000
022023071059990000090000116200000
022023071059990000310011636300001
022023071059990000320004559500000
022023071059990000330010800100001
022023071059990000340000167400000
022023071063990000010000079000000
022023071063990000020011659600002
022023071063990000050014732600002
022023071063990000060004924300001
022023071063990000070000208900000
022023071063990000090000053300000
022023071063990000100002971300000
022023071063990000150000059800000
022023071069990000010000079000000
022023071069990000020011659600002
022023071069990000050014732600002
022023071069990000060004924300001
022023071069990000070000208900000
022023071069990000090000053300000
022023071069990000100002971300000
022023071069990000150000059800000
022023071070290000010000038100000
022023071070290000020007632200002
022023071070290000030000032500000
022023071070290000050008829900002
022023071070290000060003675000000
022023071070290000070000126100000
022023071070290000090000018500000
022023071070290000100001583400000
022023071071390000010000044700000
022023071071390000020010010200002
022023071071390000030000036500000
022023071071390000050011470900002
022023071071390000060004604600001
022023071071390000070000131900000
022023071071390000090000023300000
022023071071390000100001740500000
022023071071690000020004252800001
022023071071690000030000011100000
022023071071690000050004525500002
022023071071690000060001770000000
022023071071690000070000038700000
022023071071690000090000005800000
022023071071690000100000632500000
022023071071690000140000016800000
022023071071690000150000010000000
022023071071690000970000020700000
022023071071990000020004647900001
022023071071990000030000024900000
022023071071990000050005119500001
022023071071990000060002712600001
022023071071990000070000103900000
022023071071990000090000016200000
022023071071990000100001290700000
022023071071990000150000019100000
022023071071990000190000011800000
022023071071990000970000030400000
022023071074590000010000098500000
022023071074590000020012607200002
022023071074590000030000049900000
022023071074590000050014653300003
022023071074590000060007604400001
022023071074590000070000202400000
022023071074590000090000027500000
022023071074590000100003187600000
022023071074590000190000028100000
022023071079990000010000232400000
022023071079990000020039150300008
022023071079990000030000154900000
022023071079990000050044599100010
022023071079990000060020366600003
022023071079990000070000603000000
022023071079990000090000091300000
022023071079990000100008434700000
022023071079990000140000016800000
022023071079990000150000029100000
022023071079990000190000039900000
022023071080590000010000010000000
022023071080590000020002682800001
022023071080590000030000009100000
022023071080590000050004236900002
022023071080590000060001506800000
022023071080590000070000027500000
022023071080590000090000004200000
022023071080590000100000502700000
022023071080590000150000008500000
022023071080590000190000007700000
022023071080590000350000736200000
022023071080990000010000049000000
022023071080990000020006977500002
022023071080990000030000035400000
022023071080990000050008232900002
022023071080990000060002585800000
022023071080990000070000094300000
022023071080990000090000015400000
022023071080990000100001750800000
022023071080990000150000034900000
022023071080990000360000177400000
022023071080990000370000118400000
022023071082490000010000054100000
022023071082490000020009257800002
022023071082490000030000015500000
022023071082490000050010160500002
022023071082490000060003545100000
022023071082490000070000089500000
022023071082490000090000007200000
022023071082490000100001857700000
022023071082490000150000031900000
022023071082490000270000048600000
022023071082490000380000030900000
022023071082490000390002267500000
022023071083490000010000013900000
022023071083490000020003361300001
022023071083490000030000009900000
022023071083490000050004070900002
022023071083490000060001250400000
022023071083490000070000029500000
022023071083490000090000004200000
022023071083490000100000587700000
022023071083490000130000003300000
022023071083490000150000008000000
022023071083490000190000007100000
022023071083490000270000038400000
022023071083490000400000191700000
022023071083490000410000036600000
022023071083790000010000027800000
022023071083790000020006071800001
022023071083790000030000020500000
022023071083790000050009331800003
022023071083790000060002920300000
022023071083790000070000063100000
022023071083790000090000008000000
022023071083790000100001101200000
022023071083790000130000014000000
022023071083790000150000032500000
022023071083790000270000106200000
022023071083790000380000048900000
022023071084090000010000018300000
022023071084090000020002711300001
022023071084090000030000013600000
022023071084090000050003989400002
022023071084090000060001251000000
022023071084090000070000030700000
022023071084090000090000006400000
022023071084090000100000713700000
022023071084090000130000010200000
022023071084090000150000009400000
022023071084090000420000019800000
022023071084290000010000006800000
022023071084290000020001496600001
022023071084290000030000002300000
022023071084290000050001889500001
022023071084290000060000497800000
022023071084290000070000009400000
022023071084290000090000000900000
022023071084290000100000171100000
022023071084290000150000004300000
022023071084290000430000969700000
022023071084790000010000060100000
022023071084790000020010359600002
022023071084790000030000037600000
022023071084790000050012917000002
022023071084790000060004794800001
022023071084790000070000110500000
022023071084790000090000015900000
022023071084790000100002804900000
022023071084790000140000058300000
022023071084790000150000033500000
022023071084790000190000016400000
022023071084790000270000122600000
022023071084790000440000046300000
022023071084790000450000011500000
022023071084990000010000012100000
022023071084990000020003360100001
022023071084990000030000008100000
022023071084990000050004619600002
022023071084990000060001365200000
022023071084990000070000031300000
022023071084990000090000005000000
022023071084990000100000583900000
022023071084990000150000010000000
022023071084990000380000016600000
022023071084990000390000052600000
022023071084990000460000184300000
022023071089990000010000252100000
022023071089990000020046278800012
022023071089990000030000152000000
022023071089990000050059448500018
022023071089990000060019717200001
022023071089990000070000485800000
022023071089990000090000067200000
022023071089990000100010073700000
022023071089990000130000027500000
022023071089990000140000058300000
022023071089990000150000173000000
022023071089990000190000031200000
022023071089990000270000315800000
022023071089990000350000736200000
022023071089990000360000177400000
022023071089990000370000118400000
022023071089990000380000096400000
022023071089990000390002320100000
022023071089990000400000191700000
022023071089990000410000036600000
022023071089990000420000019800000
022023071089990000430000969700000
022023071089990000440000046300000
022023071089990000450000011500000
022023071089990000460000184300000
022023071090890000010000604800000
022023071090890000060020177500002
022023071090890000090000310400000
022023071090890000470095234700013
022023071090890000480036751900005
022023071090890000500032869700004
022023071090890000510040599300005
022023071090890000530006726600000
022023071090890000540000285800000
022023071090890000550002445200000
022023071090890000570025815900003
022023071090890000580002820100000
022023071091790000010000057000000
022023071091790000060002270600000
022023071091790000090000024800000
022023071091790000470009344800002
022023071091790000500004753100001
022023071091790000510003534400001
022023071091790000530001822900000
022023071091790000540000042000000
022023071091790000550000338800000
022023071091790000560003134100000
022023071091790000570006325100002
022023071091790000580000353100000
022023071092590000010000024700000
022023071092590000060001256000000
022023071092590000090000012000000
022023071092590000470005441400002
022023071092590000480002369900000
022023071092590000500003433100001
022023071092590000510001456100000
022023071092590000530000544900000
022023071092590000540000019200000
022023071092590000550000186500000
022023071092590000570003322800001
022023071092590000580000135200000
022023071092590000590000046200000
022023071094390000060003803900000
022023071094390000090000026700000
022023071094390000470012112600002
022023071094390000500005546100001
022023071094390000510004171900001
022023071094390000530000870000000
022023071094390000540000040500000
022023071094390000550000231100000
022023071094390000560005106100001
022023071094390000570004079100001
022023071094390000580000379700000
022023071094390000600000026500000
022023071094390000610000025300000
022023071094390000970000066100000
022023071099990000010000752600000
022023071099990000060027508000002
022023071099990000090000373900000
022023071099990000470122133500019
022023071099990000500046602000007
022023071099990000510049761700007
022023071099990000530009964400000
022023071099990000540000387500000
022023071099990000550003201600000
022023071099990000560047362000006
022023071099990000570039542900007
022023071099990000580003688100000
022023071099990000590000046200000
022023071099990000600000026500000
022023071099990000610000025300000
022023071100690000020015347300002
022023071100690000030000046400000
022023071100690000050014806800002
022023071100690000060005349200001
022023071100690000070000139500000
022023071100690000090000020400000
022023071100690000100002677800000
022023071100690000620000388500000
022023071100690000970000047700000
022023071101090000010000031600000
022023071101090000020009169200002
022023071101090000030000024900000
022023071101090000050008963300002
022023071101090000060003207600000
022023071101090000070000081400000
022023071101090000090000011100000
022023071101090000100001635400000
022023071101090000620000192200000
022023071101090000630000096300000
022023071109990000010000079300000
022023071109990000020024516500004
022023071109990000030000071300000
022023071109990000050023770100004
022023071109990000060008556800001
022023071109990000070000220900000
022023071109990000090000031500000
022023071109990000100004313200000
022023071109990000620000580700000
022023071109990000630000096300000
022023071111590000010000101100000
022023071111590000050029227200004
022023071111590000060003441000000
022023071111590000070000309600000
022023071111590000090000054800000
022023071111590000640019089700002
022023071111590000650006765300001
022023071111590000660008261800001
022023071112790000010000023300000
022023071112790000050009976900003
022023071112790000060000864300000
022023071112790000070000064500000
022023071112790000090000011300000
022023071112790000640006016300001
022023071112790000650001719700000
022023071112790000660001028700000
022023071112790000670000014900000
022023071112790000680000011600000
022023071113290000010000018200000
022023071113290000050009318200003
022023071113290000060000908000000
022023071113290000070000070000000
022023071113290000090000009700000
022023071113290000640005603500001
022023071113290000650001531700000
022023071113290000660001017100000
022023071113290000670000014400000
022023071113290000680000010100000
022023071113290000690000015300000
022023071113690000010000088400000
022023071113690000050022765800003
022023071113690000060002753900000
022023071113690000070000300300000
022023071113690000090000051000000
022023071113690000640017973700003
022023071113690000650005382800000
022023071113690000660007561500001
022023071113690000680000048500000
022023071119990000010000231000000
022023071119990000050071288100013
022023071119990000060007967200000
022023071119990000070000744400000
022023071119990000090000126800000
022023071119990000640048683200007
022023071119990000650015399500001
022023071119990000660017869100002
022023071119990000670000029300000
022023071119990000680000070200000
022023071119990000690000015300000
022023071122890000010000765200000
022023071122890000020100459900010
022023071122890000030000674900000
022023071122890000050146318300016
022023071122890000060050616400005
022023071122890000070002174200000
022023071122890000090000378400000
022023071122890000100055778000006
022023071122890000150000340700000
022023071122890000190000175100000
022023071122890000700000290200000
022023071129990000010000765200000
022023071129990000020100459900010
022023071129990000030000674900000
022023071129990000050146318300016
022023071129990000060050616400005
022023071129990000070002174200000
022023071129990000090000378400000
022023071129990000100055778000006
022023071129990000150000340700000
022023071129990000190000175100000
022023071129990000700000290200000
022023071133190000010000067900000
022023071133190000030000100200000
022023071133190000050005713400001
022023071133190000060001949100000
022023071133190000070000153000000
022023071133190000090000025200000
022023071133190000100004392200000
022023071133190000150000031100000
022023071133190000710005895400001
022023071133190000720009355300002
022023071133190000730000993800000
022023071133190000740005218800001
022023071139990000010000067900000
022023071139990000030000100200000
022023071139990000050005713400001
022023071139990000060001949100000
022023071139990000070000153000000
022023071139990000090000025200000
022023071139990000100004392200000
022023071139990000150000031100000
022023071139990000710005895400001
022023071139990000720009355300002
022023071139990000730000993800000
022023071139990000740005218800001
022023071140190000010000035400000
022023071140190000050003021200001
022023071140190000060000657300000
022023071140190000070000077300000
022023071140190000090000018500000
022023071140190000100002156100000
022023071140190000140000061900000
022023071140190000710003298700001
022023071140190000750002807500001
022023071140190000760004677500001
022023071140190000770000010600000
022023071140190000980000016500000
022023071142090000010000053000000
022023071142090000050003272100000
022023071142090000060000787700000
022023071142090000070000156800000
022023071142090000090000044200000
022023071142090000100004008100000
022023071142090000140000093300000
022023071142090000710011732100002
022023071142090000750008502600002
022023071142090000760008770900002
022023071142090000770000014900000
022023071142090000780000025900000
022023071144890000010000092900000
022023071144890000030000080400000
022023071144890000050007053300001
022023071144890000060001606900000
022023071144890000070000272900000
022023071144890000090000052500000
022023071144890000100006659200001
022023071144890000150000061800000
022023071144890000710012586700002
022023071144890000750016418800002
022023071144890000760015744800002
022023071149990000010000181300000
022023071149990000050013346600002
022023071149990000060003051900000
022023071149990000070000507000000
022023071149990000090000115200000
022023071149990000100012823400001
022023071149990000140000155200000
022023071149990000710027617500005
022023071149990000750027728900005
022023071149990000760029193200005
022023071149990000770000105900000
022023071149990000780000104200000
022023071153090000010000120100000
022023071153090000020018921000003
022023071153090000050030797200004
022023071153090000060016312400002
022023071153090000070000506300000
022023071153090000090000054600000
022023071153090000100007157800001
022023071153090000130000045300000
022023071153090000140000137700000
022023071153090000190000037600000
022023071153090000790000016500000
022023071153090000800000169800000
022023071159990000010000120100000
022023071159990000020018921000003
022023071159990000050030797200004
022023071159990000060016312400002
022023071159990000070000506300000
022023071159990000090000054600000
022023071159990000100007157800001
022023071159990000130000045300000
022023071159990000140000137700000
022023071159990000190000037600000
022023071159990000790000016500000
022023071159990000800000169800000
022023071162690000010000029500000
022023071162690000020006232200002
022023071162690000030000023200000
022023071162690000050007971500002
022023071162690000060001705600000
022023071162690000070000072300000
022023071162690000090000012400000
022023071162690000100001147000000
022023071162690000140000060800000
022023071162690000150000022400000
022023071162690000420000028600000
022023071169990000010000029500000
022023071169990000020006232200002
022023071169990000030000023200000
022023071169990000050007971500002
022023071169990000060001705600000
022023071169990000070000072300000
022023071169990000090000012400000
022023071169990000100001147000000
022023071169990000140000060800000
022023071169990000150000022400000
022023071169990000420000028600000
022023071170390000020028773700004
022023071170390000050033029300005
022023071170390000060014613300002
022023071170390000070000733500000
022023071170390000090000113500000
022023071170390000130000102700000
022023071170390000810000144600000
022023071170390000820011578700001
022023071170390000970000172400000
022023071171290000010000072100000
022023071171290000020010053000002
022023071171290000050010830200002
022023071171290000060004891300001
022023071171290000070000196800000
022023071171290000090000049300000
022023071171290000190000016100000
022023071171290000820004418700000
022023071174690000010000291900000
022023071174690000020046135300005
022023071174690000030000177800000
022023071174690000050048346900006
022023071174690000060021865700002
022023071174690000070001033400000
022023071174690000090000177300000
022023071174690000130000105600000
022023071174690000190000073100000
022023071174690000820024283900003
022023071174690000830000144200000
022023071179990000010000536400000
022023071179990000020084962000011
022023071179990000030000177800000
022023071179990000050092206400013
022023071179990000060041370300005
022023071179990000070001963700000
022023071179990000090000340100000
022023071179990000130000208300000
022023071179990000190000089200000
022023071179990000810000144600000
022023071179990000820040281300004
022023071179990000830000144200000
022023071185190000010000005300000
022023071185190000020001133200000
022023071185190000030000003100000
022023071185190000050001291800001
022023071185190000060000775200000
022023071185190000080000005300000
022023071185190000090000003300000
022023071185190000100000082100000
022023071189990000010000005300000
022023071189990000020001133200000
022023071189990000030000003100000
022023071189990000050001291800001
022023071189990000060000775200000
022023071189990000080000005300000
022023071189990000090000003300000
022023071189990000100000082100000
022023071195290000020000694300000
022023071195290000030000004000000
022023071195290000050001344600001
022023071195290000060000435900000
022023071195290000070000016000000
022023071195290000090000002300000
022023071195290000100000082700000
022023071195290000840000129800000
022023071199990000020000694300000
022023071199990000030000004000000
022023071199990000050001344600001
022023071199990000060000435900000
022023071199990000070000016000000
022023071199990000090000002300000
022023071199990000100000082700000
022023071199990000840000129800000
022023071999990000010004627400000
022023071999990000020782171800121
022023071999990000030002329000000
022023071999990000040000087400000
022023071999990000050816083700137
022023071999990000060305700000033
022023071999990000070016923700000
022023071999990000080000026300000
022023071999990000090002342100000
022023071999990000100304499600031
022023071999990000120000919100000
022023071999990000130000562000000
022023071999990000140000844800000
022023071999990000150001821800000
022023071999990000160000121800000
022023071999990000170000193100000
022023071999990000180000829300000
022023071999990000190000468300000
022023071999990000200000050600000
022023071999990000230002044000000
022023071999990000240000417300000
022023071999990000260000026900000
022023071999990000270000315800000
022023071999990000280000231400000
022023071999990000310011636300001
022023071999990000320004559500000
022023071999990000340000167400000
022023071999990000350000736200000
022023071999990000360000177400000
022023071999990000370000118400000
022023071999990000380000096400000
022023071999990000390002320100000
022023071999990000400000191700000
022023071999990000410000036600000
022023071999990000420000048400000
022023071999990000430000969700000
022023071999990000440000046300000
022023071999990000450000011500000
022023071999990000460000184300000
022023071999990000500046602000007
022023071999990000530009964400000
022023071999990000550003201600000
022023071999990000570039542900007
022023071999990000600000026500000
022023071999990000610000025300000
022023071999990000620000580700000
022023071999990000630000096300000
022023071999990000650015399500001
022023071999990000690000015300000
022023071999990000700000290200000
022023071999990000710033512900006
022023071999990000730000993800000
022023071999990000740005218800001
022023071999990000750027728900005
022023071999990000790000016500000
022023071999990000800000169800000
022023071999990000810000144600000
022023071999990000830000144200000
022023071999990000840000129800000
