021993061011190000800002722500000
021993061011490000240023025800004
021993061012390000800000138000000
021993061014190000060000044000000
021993061014190000220000171800000
021993061014190000230011331600001
021993061022290000320000012500000
021993061022290001040000975600000
021993061024490001040000399000000
021993061025090000830000030300000
021993061029990000480000280800000
021993061029990001150000025000000
021993061039990001560000092000000
021993061040790000110000055000000
021993061040790000790002457400000
021993061049990000100000000000000
021993061059990000270000000000000
021993061063990000420001860800000
021993061071390001550000055000000
021993061071690000030000332500000
021993061071690000120000004000000
021993061074590000020014240300002
021993061079990000030002186800000
021993061080590000120000003700000
021993061080590000460000013600000
021993061080990000090000092000000
021993061080990000720000162200000
021993061083490000970000005200000
021993061083790000030000904100000
021993061083790000120000009300000
021993061083790000720000013100000
021993061083790001150000015700000
021993061084090000110000007300000
021993061084290000090000012800000
021993061089990000100000000000000
021993061090890000110000111800000
021993061094390000030000230100000
021993061111590000080000115600000
021993061113690000680017530700003
021993061129990000740000064100000
021993061133190000010010830500002
021993061133190000940000354000000
021993061133190001130001143700000
021993061139990000030000524100000
021993061142090000020004293400001
021993061153090001540000139900000
021993061162690000010006403700002
021993061162690001150000007600000
021993061169990000080000043200000
021993061170390000370000029400000
021993061171290000010011375200002
021993061174690000080000311100000
021993061174690000100000000000000
021993061010490000200000147500000
021993061011190000200000245500000
021993061012190001350000039200000
021993061012390000200000073500000
021993061012390000250000721100000
021993061012390001160004131100000
021993061014190000110000060800000
021993061019990000020119547600020
021993061019990000800004316900000
021993061025090000110000013500000
021993061025090000130000169200000
021993061025090000480000261500000
021993061025090001190000095400000
021993061029990000090000094000000
021993061029990000320000043800000
021993061033390000010027187700004
021993061049990000030000764800000
021993061053590000080000063400000
021993061053590000270000000000000
021993061053590000380000088400000
021993061053590000520000100900000
021993061063990000010012241800003
021993061063990000120000023900000
021993061069990000110000018400000
021993061069990000120000023900000
021993061070290000030000425300000
021993061070290000720000013000000
021993061071690000100000000000000
021993061071990000490000026700000
021993061074590000120000010100000
021993061084090000030000862800000
021993061084790000030001140800000
021993061084790000950000008600000
021993061089990000060000114200000
021993061089990000510000119300000
021993061089990000990000141000000
021993061090890000620012253000001
021993061091790001150000021600000
021993061092590000590000679800000
021993061100690000120000011900000
021993061100690000630000213000000
021993061101090001340000030500000
021993061109990000630000690800000
021993061111590000030001132800000
021993061113290000100000000000000
021993061113690001550000175900000
021993061122890000130000480800000
021993061122890000210000120200000
021993061129990000100000000000000
021993061144890000100000000000000
021993061144890000750000040800000
021993061149990000940028790800005
021993061170390000210000029200000
021993061174690000870015634000002
021993061179990000870025692900003
021993061185190000110000004300000
021993061199990000030000056900000
021993061999990000010915008300159
021993061999990000670012696500000
021993061999990000830000030300000
021993061999990000880004105200000
021993061171290000210000050100000
021993061171290000860000501400000
021993061174690000120000042100000
021993061174690000560000102600000
021993061185190000020001527600001
021993061189990000100000000000000
021993061195290000110000008000000
021993061999990000040225372200018
021993061999990000200001645200000
021993061999990000440000115900000
021993061010490000100000000000000
021993061011190000120000018900000
021993061011490000200000129800000
021993061011490001710000153000000
021993061011890000030000532400000
021993061011890000090000100600000
021993061012190001710000116100000
021993061012990000020019691100003
021993061024490000320000005600000
021993061029990000100000000000000
021993061029990000120000019500000
021993061039990001000000078700000
021993061040790000020019146100004
021993061040790000100000000000000
021993061049990000010014014500003
021993061053590000110000018900000
021993061053890000050010416400002
021993061063990000210000015200000
021993061070290000090000061900000
021993061071990000120000003700000
021993061074590000030000560700000
021993061079990000120000043100000
021993061080590000030001344400000
021993061080590001300000622700000
021993061080990000140000044600000
021993061082490000010013024100002
021993061082490000950000141800000
021993061083490000090000032200000
021993061083490000140000009300000
021993061084290000110000003500000
021993061084290000480000030500000
021993061084290000720000003100000
021993061084790000970000014900000
021993061084990000510000052100000
021993061089990000070000014700000
021993061090890000610000817900000
021993061109990000090000156000000
021993061109990000110000030000000
021993061113690000780000064200000
021993061119990000100000000000000
021993061119990000950000079900000
021993061129990000010109301500013
021993061129990000040045568500005
021993061129990000370000118900000
021993061129990001150000052900000
021993061144890000320000040500000
021993061144890001280000676900000
021993061149990000030000914700000
021993061153090000120000048700000
021993061169990000100000000000000
021993061170390000010031275400004
021993061179990000060000154400000
021993061999990000020820146300141
021993061010490000090000048700000
021993061010490000230002502000000
021993061011190000030000428700000
021993061011190000130000125000000
021993061011190000250001578600000
021993061011890000200000103400000
021993061012990000100000000000000
021993061012990000800000440300000
021993061019990001710002337200000
021993061022290000100000000000000
021993061022290001190000030900000
021993061024490000090000020000000
021993061025090000300010869000001
021993061025090001040006007400001
021993061049990000790002457400000
021993061059990000010024164800005
021993061059990001150000078000000
021993061070290000110000012500000
021993061071390000110000016200000
021993061071990001150000003900000
021993061074590000100000000000000
021993061079990000100000000000000
021993061079990000110000053900000
021993061080590000010003480600001
021993061080590000100000000000000
021993061080590001330000065400000
021993061080990000100000000000000
021993061082490000120000010600000
021993061082490001150000010900000
021993061083490000060000012200000
021993061083790000110000011300000
021993061083790000950000008300000
021993061084090000010003094500001
021993061084090000480000085400000
021993061084790000720000044100000
021993061089990000500000007000000
021993061090890000060000113200000
021993061090890001230003018800000
021993061091790001100003911200000
021993061091790001230000284600000
021993061092590000620001574200000
021993061092590001030000131000000
021993061094390000080000080100000
021993061099990000610000924900000
021993061099990001150000110600000
021993061100690000160000048300000
021993061101090000020009562800002
021993061101090001060001566200000
021993061109990000020023819100004
021993061109990000120000011900000
021993061111590000760000135700000
021993061111590000950000027700000
021993061111590001150000034000000
021993061010490000020009834100002
021993061010490000250000355100000
021993061011490000100000000000000
021993061011490001350000045700000
021993061011890000120000011400000
021993061011890000250000697800000
021993061011890001150000011100000
021993061012190000020007264000002
021993061012390001350000032400000
021993061014190000030000559700000
021993061014190000100000000000000
021993061029990000020025010500004
021993061029990001190000134900000
021993061039990000120000017800000
021993061040790001070000897100000
021993061049990000020019146100004
021993061053590000030000406400000
021993061059990000470001524600000
021993061059990000480000245200000
021993061063990000080000055700000
021993061063990000090000085500000
021993061069990000010012241800003
021993061069990000030000508100000
021993061069990000090000085500000
021993061071990000720000010400000
021993061074590000090000090700000
021993061074590000150000013700000
021993061079990000040008188800000
021993061079990000150000013700000
021993061080590001150000005000000
021993061082490001360000062700000
021993061084090000100000000000000
021993061084090000120000008600000
021993061084090000460000014000000
021993061084290000140000006400000
021993061084790000120000013200000
021993061089990000140000082500000
021993061090890000030002244600000
021993061090890000120000118100000
021993061090890000730000074700000
021993061090890001380000681300000
021993061092590000110000014300000
021993061094390001150000010600000
021993061094390001530000107000000
021993061099990000110000159200000
021993061099990000730000074700000
021993061100690000080000039400000
021993061109990000030001359800000
021993061112790000030000284200000
021993061113690000670004380600000
021993061113690001180002894800000
021993061133190000080000090300000
021993061140190000100000000000000
021993061010490000960000046600000
021993061011890001350000048000000
021993061012190000100000000000000
021993061012190000230002243900000
021993061012390000090000060700000
021993061019990000220000530000000
021993061019990000690000020300000
021993061025090000010017406100003
021993061029990000130000169200000
021993061029990000830000030300000
021993061033390000090000140800000
021993061033390000310001108800000
021993061033390001560000092000000
021993061039990000060000035500000
021993061039990000330000052800000
021993061040790000620000284800000
021993061040790001150000035700000
021993061049990001240000126800000
021993061053590000050010291300002
021993061053890000010013728100003
021993061059990000440000115900000
021993061069990000450002700500000
021993061071390000120000012100000
021993061071690000090000023500000
021993061071990001330000064700000
021993061074590000010014296000003
021993061074590001330000163800000
021993061082490000060000022000000
021993061083490000120000005100000
021993061083490000990000141000000
021993061083790000080000056900000
021993061084090000720000014100000
021993061084290001360000019900000
021993061084790000150000010700000
021993061089990000150000010700000
021993061089990001150000061300000
021993061090890000020048020400006
021993061091790000100000000000000
021993061091790000320000029000000
021993061091790000530008458600002
021993061091790001380000112400000
021993061109990000010034297700007
021993061111590000670005315300000
021993061112790000780000024800000
021993061112790001570000031000000
021993061113690000100000000000000
021993061122890000170000117800000
021993061133190001250000426300000
021993061139990000110000033200000
021993061139990000770003222100000
021993061140190000940002632100001
021993061142090000110000031000000
021993061142090000940006419500001
021993061011490000220000088500000
021993061011890000020016095500003
021993061011890000800000175700000
021993061012390000030000345500000
021993061012990000240030474500006
021993061012990001290000057800000
021993061014190001350000109000000
021993061014190001710000550700000
021993061019990000100000000000000
021993061019990000960000046600000
021993061022290000020004305900001
021993061022290001150000008100000
021993061024490001190000008600000
021993061025090000030000576500000
021993061025090000090000074000000
021993061025090000120000013200000
021993061025090000290000465000000
021993061039990000010027187700004
021993061039990000090000140800000
021993061039990000130000224900000
021993061049990000260001005300000
021993061049990000920000041600000
021993061053890000020011453500002
021993061059990000020027466600005
021993061059990000520000100900000
021993061071390000090000071700000
021993061071390000480000148100000
021993061079990000060000007500000
021993061079990001150000041600000
021993061080990000010007686300002
021993061080990000480000190700000
021993061083490001450000776100000
021993061083790000090000067900000
021993061084290000010002149800001
021993061084290000030000215100000
021993061084290001150000003300000
021993061084790000110000013200000
021993061084790000480000214100000
021993061084990000060000011300000
021993061089990000030006751700000
021993061091790001030000151900000
021993061091790001340000068200000
021993061092590000320000015500000
021993061092590001390000007200000
021993061094390001230000208600000
021993061099990000060000126600000
021993061099990000080000696100000
021993061099990001230003668300000
021993061100690000010021112400004
021993061101090000160000160300000
021993061111590000120000033600000
021993061113290000090000034400000
021993061113690000090000180400000
021993061010490000110000010600000
021993061011190001150000021500000
021993061011890000100000000000000
021993061012190000060000010900000
021993061012190000110000009000000
021993061012990000030000591100000
021993061014190000800000388400000
021993061019990000110000144700000
021993061024490000300001207000000
021993061033390000100000000000000
021993061033390001150000018600000
021993061033390001510010675700001
021993061040790001120002011800000
021993061069990000420001860800000
021993061079990000080000223000000
021993061079990000140000012400000
021993061080590000020005732400002
021993061080590000090000028300000
021993061080990001300002034300000
021993061082490000030000769400000
021993061082490000510000038500000
021993061083490000460000042800000
021993061083490000720000021600000
021993061083790000460000076100000
021993061083790000510000028700000
021993061084090000090000034700000
021993061084990000030000470300000
021993061089990000120000069900000
021993061089990000460000271500000
021993061090890001550000495800000
021993061091790000620002744900000
021993061092590000080000052000000
021993061092590000090000053000000
021993061092590000540000156300000
021993061094390000110000016100000
021993061100690001060003655200000
021993061101090000630000477800000
021993061111590000020028107700005
021993061111590001050000135500000
021993061112790000760000330600000
021993061112790001150000015900000
021993061113290000080000068800000
021993061113290001150000014600000
021993061113690000110000027900000
021993061113690001010000160000000
021993061119990001090000221700000
021993061122890000720000080500000
021993061129990000720000080500000
021993061133190000770003222100000
021993061139990000080000090300000
021993061139990000100000000000000
021993061139990000810002704300000
021993061140190000030000181800000
021993061010490000030000358500000
021993061011190000110000027900000
021993061011190000230006160400001
021993061011190000240028071500005
021993061011190001350000273200000
021993061011490000110000013400000
021993061011490000120000012300000
021993061012390000110000009800000
021993061012390000240021030600004
021993061014190000250003042100000
021993061025090000100000000000000
021993061033390000020025835500004
021993061033390000970000024300000
021993061049990000620000284800000
021993061053590000010010436700002
021993061053590000390002238200000
021993061059990000130000213200000
021993061063990000020012196700002
021993061063990000130000072900000
021993061063990001150000014700000
021993061063990001270000177700000
021993061069990000130000072900000
021993061071690000010005976300001
021993061071990000100000000000000
021993061074590000040002332400000
021993061074590000110000016700000
021993061074590000720000018400000
021993061080990001150000016500000
021993061082490000020014257400003
021993061082490001450002151000000
021993061083490001330000082600000
021993061083790000010008757800002
021993061083790000970000011000000
021993061084090000950000002800000
021993061084290000100000000000000
021993061084790000010011561700002
021993061084990001330000074700000
021993061089990000720000287600000
021993061090890000100000000000000
021993061092590001100004174400001
021993061094390000530010598100003
021993061094390001590000024400000
021993061099990000100000000000000
021993061099990001380000935600000
021993061101090000010013185300003
021993061101090000110000012900000
021993061109990001270000338800000
021993061112790000670001622600000
021993061113290000780000014400000
021993061119990000020074696400015
021993061119990000080000391300000
021993061122890000040045568500005
021993061122890000480003329500000
021993061011190000060000034500000
021993061011490000020012889800002
021993061011890000220000055000000
021993061011890000240022953700004
021993061012190000090000053800000
021993061012390001710000160200000
021993061014190000200000077500000
021993061019990000060000213000000
021993061019990000120000103400000
021993061022290000010005072000002
021993061022290000290000122900000
021993061025090001150000011500000
021993061033390000060000035500000
021993061039990001510010675700001
021993061040790000010014014500003
021993061049990000110000055000000
021993061049990001070000897100000
021993061049990001150000035700000
021993061053590000120000026200000
021993061053590000480000245200000
021993061059990000080000108200000
021993061059990000410000038500000
021993061069990000210000015200000
021993061069990001420002445300000
021993061070290000020009045300002
021993061070290000080000045600000
021993061071390001150000015400000
021993061071690001320000704100000
021993061079990000010048781000010
021993061079990000480000557300000
021993061080590000110000005100000
021993061080590000720000010300000
021993061083490000030000371400000
021993061083490000100000000000000
021993061084290000020002962700002
021993061084790000090000122000000
021993061084790001150000009900000
021993061089990000110000080200000
021993061089990000980000009800000
021993061090890000550085110500010
021993061090890001150000071200000
021993061094390000590001619000000
021993061109990000080000069900000
021993061109990001150000026400000
021993061111590001430000227600000
021993061112790000020012013000003
021993061112790000950000010800000
021993061113290000020010647100002
021993061113290000110000006900000
021993061113290000120000008000000
021993061113290000670001378000000
021993061113690000120000033800000
021993061113690000950000029100000
021993061010490000060000013100000
021993061010490000800000095200000
021993061011190000100000000000000
021993061011190001710000351800000
021993061011490000800000226400000
021993061011890001710000368700000
021993061012190000250000745400000
021993061012390000020012970500002
021993061012390000600000054000000
021993061012990000200000800400000
021993061012990000220000059100000
021993061012990000230008949800001
021993061014190000020025224100003
021993061019990000600000054000000
021993061024490000100000000000000
021993061029990000010026110800007
021993061029990000030001024900000
021993061033390000110000026100000
021993061033390000330000052800000
021993061039990000020025835500004
021993061039990000100000000000000
021993061039990000110000026100000
021993061039990001150000018600000
021993061049990001120002011800000
021993061053590000470001524600000
021993061053890000080000044800000
021993061059990000050020707700004
021993061059990000090000426100000
021993061059990000380000088400000
021993061063990001420002445300000
021993061069990000100000000000000
021993061071390000040002185600000
021993061071990000010003516300001
021993061071990000020004690800002
021993061071990000040000882600000
021993061071990000110000003400000
021993061080990000080000057900000
021993061080990000120000011300000
021993061082490000100000000000000
021993061082490000720000011700000
021993061083490000950000003500000
021993061083790001330000245400000
021993061084790000460000090800000
021993061084790001450003753200000
021993061084990000720000007400000
021993061089990000080000393600000
021993061089990000970001224600000
021993061090890000090000949500000
021993061090890000590024001900003
021993061092590000100000000000000
021993061092590000530005721800001
021993061094390000060000013400000
021993061094390000100000000000000
021993061010490000240012624200003
021993061010490001150000010100000
021993061010490001350000037500000
021993061010490001710000139100000
021993061011490000030000464800000
021993061011490001150000011000000
021993061011890000060000024500000
021993061012190000240013844500003
021993061012390000120000008000000
021993061012990000120000021500000
021993061012990000250001254800000
021993061014190000130000171300000
021993061024490000010003632700002
021993061024490000110000004600000
021993061024490000120000006300000
021993061024490000290000046500000
021993061025090000020017275300002
021993061033390000030002535100000
021993061033390000120000017800000
021993061040790000920000041600000
021993061053590000020016013100003
021993061053890000030000584600000
021993061059990000390004031400000
021993061063990000100000000000000
021993061071690000140000012400000
021993061071990001520000031100000
021993061080590000950000004100000
021993061080990000030000673400000
021993061080990000060000017600000
021993061082490000110000011300000
021993061083490001570000055000000
021993061083790000060000016900000
021993061083790001450001563300000
021993061084090001450000710400000
021993061084290000460000004600000
021993061084990001360000042100000
021993061089990000020077170500020
021993061089990000950000188200000
021993061091790000550012895700003
021993061091790000590001043700000
021993061092590000550008309200002
021993061094390000020006343300001
021993061094390000090000074300000
021993061099990000030002757600000
021993061099990000320000324600000
021993061099990000530127783800018
021993061099990000550116578300017
021993061099990000590027344400003
021993061099990000620018678400001
021993061100690001270000199700000
021993061101090000090000078600000
021993061101090000100000000000000
021993061109990000100000000000000
021993061011490000230008097700001
021993061011890000230005058800000
021993061012190000120000005800000
021993061012390000060000022100000
021993061012390000100000000000000
021993061014190000240054365100008
021993061014190001150000027000000
021993061019990000090000978900000
021993061019990000240206389900037
021993061019990001290000057800000
021993061022290000110000036400000
021993061024490000020003429300001
021993061024490001150000005400000
021993061024490001330000019300000
021993061029990000300014454400001
021993061029990000580000041800000
021993061029990001040007382000001
021993061033390000130000224900000
021993061053590000090000146000000
021993061053590001150000032600000
021993061053890000410000038500000
021993061059990000030000991000000
021993061063990000450002700500000
021993061069990000430000038300000
021993061071390000100000000000000
021993061071690000020006440800002
021993061071690000080000023200000
021993061074590001150000010700000
021993061079990000720000096600000
021993061080590000080000018100000
021993061082490000970001180500000
021993061083790000020011403100002
021993061083790000100000000000000
021993061084290001450000328000000
021993061084790000140000022200000
021993061084990000010005396500001
021993061084990000100000000000000
021993061084990000970000013000000
021993061091790000090000107800000
021993061092590000120000009800000
021993061094390000550010262900002
021993061099990000020062449300008
021993061100690000090000077400000
021993061109990000160000208600000
021993061111590000680023681200004
021993061113290001170000495200000
021993061119990000680056989900011
021993061119990001150000093000000
021993061119990001430000546600000
021993061122890000100000000000000
021993061122890000180000000000000
021993061129990000030009334700000
021993061133190000320000020100000
021993061011190000020015578500003
021993061011190000090000162000000
021993061011490000060000019500000
021993061011890000110000013200000
021993061012190000200000067600000
021993061012990000090000206900000
021993061012990001350000091500000
021993061012990001710000497600000
021993061019990000030003490000000
021993061019990000200001645200000
021993061019990001150000093500000
021993061019990001350000676500000
021993061022290000300002378400000
021993061025090000320000025700000
021993061025090000580000041800000
021993061040790000320000036900000
021993061040790001240000126800000
021993061049990000350000028200000
021993061063990000030000508100000
021993061063990000070000053700000
021993061063990000430000038300000
021993061070290000010010305700002
021993061070290000040002084100000
021993061070290000120000013200000
021993061070290000480000131000000
021993061071390000010014686700003
021993061071390000030000638300000
021993061071990000060000007500000
021993061071990000090000030800000
021993061074590000080000068100000
021993061079990000490000026700000
021993061080990000020011143900002
021993061080990000370000016100000
021993061082490000090000070400000
021993061083490000010004644800001
021993061084290000120000001200000
021993061084290000500000007000000
021993061084790000060000034200000
021993061084790000100000000000000
021993061084990000020006759700002
021993061084990000110000006300000
021993061084990000120000006900000
021993061084990001450000602700000
021993061084990001470000035200000
021993061089990000010059796100013
021993061089990000480001157000000
021993061089990001450012541700000
021993061090890000320000255700000
021993061094390000120000010900000
021993061100690000020014256300002
021993061111590000110000028100000
021993061112790000090000050800000
021993061112790001180000615500000
021993061011490000090000095600000
021993061011490000250001256400000
021993061012190000030000209300000
021993061012190000220000029000000
021993061012190000800000130400000
021993061012990000060000044400000
021993061014190000120000025500000
021993061014190000690000020300000
021993061019990000230048475300004
021993061024490000030000164400000
021993061029990000110000054500000
021993061029990000290000634400000
021993061033390001000000078700000
021993061039990000030002535100000
021993061039990000480000453200000
021993061040790000030000764800000
021993061053890000110000037400000
021993061053890000120000030500000
021993061053890000440000115900000
021993061053890001150000045400000
021993061059990000110000056300000
021993061059990000400000027800000
021993061063990000110000018400000
021993061069990001150000014700000
021993061069990001270000177700000
021993061070290000100000000000000
021993061070290001150000011600000
021993061071390000720000018700000
021993061071690000110000005100000
021993061071690000480000049700000
021993061071990000030000230000000
021993061079990000020046329500010
021993061080990000950000011700000
021993061083490000020005774400002
021993061083490000070000014700000
021993061083490000110000009400000
021993061084090000020004600100002
021993061084090000080000023700000
021993061084790000020014536800003
021993061084790001340000057300000
021993061084990000460000029600000
021993061084990000950000007400000
021993061089990000370000016100000
021993061091790001440000012500000
021993061092590001380000061400000
021993061094390000620002106300000
021993061099990000090001184600000
021993061099990000650000059400000
021993061100690000100000000000000
021993061101090000030000594100000
021993061109990001060005221400000
021993061111590000090000188300000
021993061111590000100000000000000
021993061011190000220000074000000
021993061012390000220000052600000
021993061012390001150000012800000
021993061014190000090000250600000
021993061019990000130000296300000
021993061019990000250009651300000
021993061022290000030000284000000
021993061033390000480000453200000
021993061039990000310001108800000
021993061039990000970000024300000
021993061040790000260001005300000
021993061040790000350000028200000
021993061049990000320000036900000
021993061053590000130000056300000
021993061053590000400000027800000
021993061053890000090000280100000
021993061053890000130000156900000
021993061053890000390001793200000
021993061059990000120000056700000
021993061069990000020012196700002
021993061069990000070000053700000
021993061069990000080000055700000
021993061071390000020011912300002
021993061071690000720000036100000
021993061079990000090000278600000
021993061080990000110000012800000
021993061082490001330000168200000
021993061084290000980000009800000
021993061089990000090000495500000
021993061090890000530103005300012
021993061090890000650000059400000
021993061091790000110000017000000
021993061092590000640000000000000
021993061099990000120000151300000
021993061099990000640000000000000
021993061100690000030000765700000
021993061100690000110000017100000
021993061111590000780000225200000
021993061111590001170003455000000
021993061112790000110000009800000
021993061112790001090000025000000
021993061113290001490000065300000
021993061113690000030000753900000
021993061119990001050000135500000
021993061122890000010109301500013
021993061129990000180000000000000
021993061129990000480003329500000
021993061133190000110000033200000
021993061139990000010010830500002
021993061139990001250000426300000
021993061140190000110000020400000
021993061144890000090000321500000
021993061144890000810004709100000
021993061999990000030041474000000
021993061999990000330000052800000
021993061999990000370000164400000
021993061999990000410000038500000
021993061999990000650000059400000
021993061999990001120002011800000
021993061999990001130012929300001
021993061112790000680007274500002
021993061113290000680008503500002
021993061113290001090000024400000
021993061119990000030002427900000
021993061119990000090000453900000
021993061119990000670012696500000
021993061122890000030009334700000
021993061122890000090001042900000
021993061122890000630000374500000
021993061122890000700000191700000
021993061129990000970000060800000
021993061133190000100000000000000
021993061140190000320000011100000
021993061144890000020010217200002
021993061149990000020017575800004
021993061153090000100000000000000
021993061159990000320000068600000
021993061159990001270000508500000
021993061162690000480000099600000
021993061169990000020007879200002
021993061170390000880000748800000
021993061179990000100000000000000
021993061179990001460000082100000
021993061999990000430000038300000
021993061999990000570000140700000
021993061999990000750000040800000
021993061999990000780000328600000
021993061999990000850000753200000
021993061142090000090000183900000
021993061142090000820008641000002
021993061149990000750000040800000
021993061153090000110000036200000
021993061159990000120000048700000
021993061169990000120000007100000
021993061171290000090000109600000
021993061171290000870002025000000
021993061174690000010050881900006
021993061185190000030000048500000
021993061185190000900000004200000
021993061189990000020001527600001
021993061195290000040000068700000
021993061999990000130003006800000
021993061999990000460000271500000
021993061999990000690000141500000
021993061999990000900000004200000
021993061144890000820016617200003
021993061149990000820029344200007
021993061159990000090000168500000
021993061159990001540000139900000
021993061162690000210000007300000
021993061169990000030000360900000
021993061169990000480000099600000
021993061170390000030001521200000
021993061170390000100000000000000
021993061174690000860010299900001
021993061174690001410001440300000
021993061179990000890000071500000
021993061179990001150000072900000
021993061185190000010001217000000
021993061189990000010001217000000
021993061199990000010001288500001
021993061199990000020001186500000
0219930611999900001100000080     
021993061999990000110001139200000
021993061999990000170000117800000
021993061999990000260001005300000
021993061999990000310001108800000
021993061999990000350000028200000
021993061999990000360001662300000
021993061999990000470001524600000
021993061999990000490000026700000
021993061999990000520000100900000
021993061999990000760000466300000
021993061113690001150000028500000
021993061122890000690000121200000
021993061122890000970000060800000
021993061129990000110000120900000
021993061129990000630000374500000
021993061129990001350001378200000
021993061133190000810002704300000
021993061133190001150000017200000
021993061139990001150000017200000
021993061140190001130000903600000
021993061140190001280000177500000
021993061142090000320000021600000
021993061142090001280000370300000
021993061144890000110000038700000
021993061169990000010006403700002
021993061170390000120000024400000
021993061170390000870008033900001
021993061174690000130000163100000
021993061174690001590000087300000
021993061189990000910000115500000
021993061999990000060000800000000
021993061999990000070001023300000
021993061999990000180000000000000
021993061999990000400000027800000
021993061999990000420001860800000
021993061999990000630001065300000
021993061999990000700000191700000
021993061999990001110000137500000
021993061140190000820004086000002
021993061149990000100000000000000
021993061149990000320000073200000
021993061153090000020031050700004
021993061153090001270000508500000
021993061159990000020031050700004
021993061159990000570000140700000
021993061162690001480001185000000
021993061170390000090000231100000
021993061171290000080000056400000
021993061171290001150000011900000
021993061171290001200000229400000
021993061174690001400051808900007
021993061174690001690000045700000
021993061179990000860011234100001
021993061179990001110000137500000
021993061185190000130000010000000
021993061999990000140000094900000
021993061999990000290000634400000
021993061999990000640000000000000
021993061999990000950000268100000
021993061999990000970001309700000
021993061122890001350001378200000
021993061129990000060000148800000
021993061139990000320000020100000
021993061140190001150000012700000
021993061142090001150000012300000
021993061149990000770017465500002
021993061153090000010025332400004
021993061153090000570000140700000
021993061162690000120000007100000
021993061162690000850000753200000
021993061169990001150000007600000
021993061169990001480001185000000
021993061170390000890000071500000
021993061170390001150000027100000
021993061174690000110000053300000
021993061174690001150000033900000
021993061174690001260001884400000
021993061179990000210000163600000
021993061179990000320000160400000
021993061185190001270000049100000
021993061189990000110000004300000
021993061195290000030000056900000
021993061999990000050020707700004
021993061999990000100000000000000
021993061999990000210000306300000
021993061999990000560000151700000
021993061999990000800004316900000
021993061999990000890000071500000
021993061999990000910000115500000
021993061122890000110000120900000
021993061129990000120000107900000
021993061129990000170000117800000
021993061129990000320000139100000
021993061140190000080000039200000
021993061142090000770007630900001
021993061142090000810001773300000
021993061144890000030000528500000
021993061144890000080000135900000
021993061144890000940019739200003
021993061149990000110000090100000
021993061149990000120000035300000
021993061149990001150000050100000
021993061153090000320000068600000
021993061169990000110000008200000
021993061170390000320000052200000
021993061171290000060000016300000
021993061171290000100000000000000
021993061171290000880000613500000
021993061179990000090000716700000
021993061189990000900000004200000
021993061195290000010001288500001
021993061999990000090006885100000
021993061999990000120000883400000
021993061999990000300014454400001
021993061999990000580000195900000
021993061999990000620018963200001
021993061999990000920000041600000
021993061999990000990000141000000
021993061094390001380000080500000
021993061100690001150000026400000
021993061101090001270000139100000
021993061112790000120000010700000
021993061119990000110000072700000
021993061122890000370000118900000
021993061129990000020137304200016
021993061129990000210000120200000
021993061139990001130001143700000
021993061139990001210011222800003
021993061140190000020003065200001
021993061149990000130000305300000
021993061159990000010025332400004
021993061162690000030000360900000
021993061169990000850000753200000
021993061170390000560000032700000
021993061170390001080000068500000
021993061170390001110000137500000
021993061171290000030000586700000
021993061171290000110000014000000
021993061171290000120000009900000
021993061171290000320000020900000
021993061179990000020098731700015
021993061179990000560000151700000
021993061185190000100000000000000
021993061195290000020001186500000
021993061999990000250009651300000
021993061999990000500000007000000
021993061999990000510000119300000
021993061999990000600000054000000
021993061999990001150000799100000
021993061112790001430000093700000
021993061113290000950000012300000
021993061119990000120000086100000
021993061122890000060000148800000
021993061122890000120000107900000
021993061129990000090001042900000
021993061129990000700000191700000
021993061144890000770008364400001
021993061149990000090000613800000
021993061159990000030001444200000
021993061162690000580000014200000
021993061169990000090000049300000
021993061169990000580000014200000
021993061170390000860000432800000
021993061171290000560000016400000
021993061171290001310000015800000
021993061179990000030003992300000
021993061179990000370000029400000
021993061179990001080000130000000
021993061179990001410002297100000
021993061185190000910000115500000
021993061189990000130000010000000
021993061999990000080005451800000
021993061999990000270000000000000
021993061999990000550116578300017
021993061999990000730000074700000
021993061133190001210011222800003
021993061139990000120000024400000
021993061140190000770001470200000
021993061142090000100000000000000
021993061142090001140006664500001
021993061142090001550000077900000
021993061144890000130000305300000
021993061149990000080000253000000
021993061149990000810007557200000
021993061153090000030001444200000
021993061162690000020007879200002
021993061169990000210000007300000
021993061170390000070000114800000
021993061170390000080000211700000
021993061171290000020012891600003
021993061174690000880002742900000
021993061179990000120000076400000
021993061179990000130000163100000
021993061179990000880004105200000
021993061999990000150000024400000
021993061999990000940029144800005
021993061113690000020023928600005
021993061119990000760000466300000
021993061119990000780000328600000
021993061119990001170007460500000
021993061122890000320000139100000
021993061122890000740000064100000
021993061133190000030000524100000
021993061139990000940000354000000
021993061140190000810001074800000
021993061142090000030000204400000
021993061144890001130004217500000
021993061144890001150000025100000
021993061162690000100000000000000
021993061170390000020034031200005
021993061174690000060000065200000
021993061174690000090000376000000
021993061174690000210000084300000
021993061179990000070000114800000
021993061179990000080000579200000
021993061179990000110000087300000
021993061189990001270000049100000
021993061999990000610000924900000
021993061999990001080000130000000
021993061111590001090000087400000
021993061112790000100000000000000
021993061113290000030000257000000
021993061113690001090000084900000
021993061122890000020137304200016
021993061122890001150000052900000
021993061129990000130000480800000
021993061129990000690000121200000
021993061133190000120000024400000
021993061140190000090000108400000
021993061140190000360001662300000
021993061144890000120000035300000
021993061149990000360001662300000
021993061149990001130011785600001
021993061153090000090000168500000
021993061159990000040006371700001
021993061162690000080000043200000
021993061162690000090000049300000
021993061170390000110000020000000
021993061170390001410000627400000
021993061170390001460000082100000
021993061179990000010093532500012
021993061999990000320000866700000
021993061999990000480018594000000
021993061999990000720000464700000
021993061999990000860011234100001
021993061149990001280001224700000
021993061153090000040006371700001
021993061159990000100000000000000
021993061159990000110000036200000
021993061162690000110000008200000
021993061170390000060000072900000
021993061189990000030000048500000
021993061199990000040000068700000
021993061999990000160000208600000
021993061999990000450002700500000
021993061999990000740000064100000
021993061999990000770020687600002
021993061999990000960000046600000
021993061999990000980000009800000
021993061999990001000000078700000
