032023071010490490010012980600001
032023071010490490020012555900001
032023071010490490030012449300001
032023071010490490040009186800001
032023071010490490050009035500000
032023071010490490060008579500000
032023071010490490070006482000000
032023071010490490080006210600000
032023071010490490090006132100000
032023071010490490100002351400000
032023071010490490110001854100000
032023071010490490120001727100000
032023071010490490130000344800000
032023071010490490140000264900000
032023071010490490150000222300000
032023071010490490160000210200000
032023071010490490170000098400000
032023071010490490180000090600000
032023071010490490190000055400000
032023071011191190010022364800001
032023071011191190020021623600001
032023071011191190030020840000001
032023071011191190040020674700001
032023071011191190050019945700000
032023071011191190060018943800000
032023071011191190070008429600000
032023071011191190080007849600000
032023071011191190090007739800000
032023071011191190100007462700000
032023071011191190110007294100000
032023071011191190120006727400000
032023071011191190130001299000000
032023071011191190140001087900000
032023071011191190150000987100000
032023071011191190160000917200000
032023071011191190170000680000000
032023071011191190180000669400000
032023071011191190190000219400000
032023071011191190200000139200000
032023071011191190210000111200000
032023071011491490010017457100001
032023071011491490020017052500001
032023071011491490030016648400001
032023071011491490040014669700001
032023071011491490050013988500000
032023071011491490060013835200000
032023071011491490070005591000000
032023071011491490080005259000000
032023071011491490090005139900000
032023071011491490100005115000000
032023071011491490110004881000000
032023071011491490120004684500000
032023071011491490130000480200000
032023071011491490140000315900000
032023071011491490150000305700000
032023071011491490160000176300000
032023071011491490170000142200000
032023071011491490180000128200000
032023071011491490190000125800000
032023071011491490200000115500000
032023071011491490210000094400000
032023071011891890010018862700001
032023071011891890020018421900001
032023071011891890030018275500001
032023071011891890040016881900001
032023071011891890050016526000000
032023071011891890060015646500000
032023071011891890070006871600000
032023071011891890080006432300000
032023071011891890090006109100000
032023071011891890100005275000000
032023071011891890110004735800000
032023071011891890120004712300000
032023071011891890130000678500000
032023071011891890140000411800000
032023071011891890150000384500000
032023071011891890160000237300000
032023071011891890170000228700000
032023071011891890180000216700000
032023071011891890190000170600000
032023071011891890200000100000000
032023071011891890210000095800000
032023071011891890220000043400000
032023071012192190010009363000001
032023071012192190020009226900001
032023071012192190030008995300001
032023071012192190040008761100001
032023071012192190050008731800000
032023071012192190060008510500000
032023071012192190070003296500000
032023071012192190080002893400000
032023071012192190090002746500000
032023071012192190100002556100000
032023071012192190110002331400000
032023071012192190120002126500000
032023071012192190130000433700000
032023071012192190140000318200000
032023071012192190150000283500000
032023071012192190160000259700000
032023071012192190170000191100000
032023071012192190180000173800000
032023071012192190190000077300000
032023071012192190200000062600000
032023071012392390010014144300001
032023071012392390020013835100001
032023071012392390030013382600001
032023071012392390040013334400001
032023071012392390050012945300000
032023071012392390060012841300000
032023071012392390070004548000000
032023071012392390080004274100000
032023071012392390090004057700000
032023071012392390100002888600000
032023071012392390110002753100000
032023071012392390120002399900000
032023071012392390130001434200000
032023071012392390140000417700000
032023071012392390150000150300000
032023071012392390160000123600000
032023071012992990010030485300001
032023071012992990020029206200001
032023071012992990030028869200001
032023071012992990040023907500001
032023071012992990050023455700000
032023071012992990060021893800000
032023071012992990070011190400000
032023071012992990080010266900000
032023071012992990090009853100000
032023071012992990100009720800000
032023071012992990110007870100000
032023071012992990120007669400000
032023071012992990130001562600000
032023071012992990140000922000000
032023071012992990150000918400000
032023071012992990160000482900000
032023071012992990170000295400000
032023071012992990180000203200000
032023071014194190010038209500001
032023071014194190020037403200001
032023071014194190030035663100001
032023071014194190040035653600001
032023071014194190050034313900000
032023071014194190060033801100000
032023071014194190070014546700000
032023071014194190080012815900000
032023071014194190090012539100000
032023071014194190100012117300000
032023071014194190110011189800000
032023071014194190120010576600000
032023071014194190130001552800000
032023071014194190140001367500000
032023071014194190150000915300000
032023071014194190160000437400000
032023071014194190170000336100000
032023071014194190180000318300000
032023071014194190190000238700000
032023071014194190200000101400000
032023071014194190210000055100000
032023071014194190220000047500000
032023071022292290010004602500001
032023071022292290020004482800001
032023071022292290030004371800001
032023071022292290040004118200001
032023071022292290050003945300000
032023071022292290060003747700000
032023071022292290070001330600000
032023071022292290080001279900000
032023071022292290090001177400000
032023071022292290100001165300000
032023071022292290110001101700000
032023071022292290120000988900000
032023071022292290130000274700000
032023071022292290140000200200000
032023071022292290150000155300000
032023071022292290160000150200000
032023071022292290170000131800000
032023071022292290180000101500000
032023071022292290190000094400000
032023071022292290200000086800000
032023071022292290210000081900000
032023071022292290220000069000000
032023071022292290230000050000000
032023071022292290240000032600000
032023071022292290250000031800000
032023071022292290260000025800000
032023071022292290270000012500000
032023071022292290280000012000000
032023071024494490010002705600001
032023071024494490020002571900001
032023071024494490030002535900001
032023071024494490040002152400001
032023071024494490050002028000000
032023071024494490060001960100000
032023071024494490070001399100000
032023071024494490080001231100000
032023071024494490090001146700000
032023071024494490100000835800000
032023071024494490110000746900000
032023071024494490120000706000000
032023071024494490130000477200000
032023071024494490140000349600000
032023071024494490150000322900000
032023071024494490160000102000000
032023071024494490170000078800000
032023071024494490180000063300000
032023071024494490190000041200000
032023071024494490200000032800000
032023071024494490210000024200000
032023071024494490220000022800000
032023071024494490230000020000000
032023071024494490240000011200000
032023071024494490250000008700000
032023071024494490260000004500000
032023071024494490270000002800000
032023071024494490280000002000000
032023071025095090010019167100001
032023071025095090020018475300001
032023071025095090030018150300001
032023071025095090040016597800001
032023071025095090050016135100000
032023071025095090060014863800000
032023071025095090070006912100000
032023071025095090080006698800000
032023071025095090090006380000000
032023071025095090100006028900000
032023071025095090110005997600000
032023071025095090120005037600000
032023071025095090130001321100000
032023071025095090140001021300000
032023071025095090150000804600000
032023071025095090160000599700000
032023071025095090170000578500000
032023071025095090180000405100000
032023071025095090190000395100000
032023071025095090200000361700000
032023071025095090210000300600000
032023071025095090220000278900000
032023071025095090230000163200000
032023071025095090240000124000000
032023071025095090250000115900000
032023071025095090260000099800000
032023071025095090270000075300000
032023071025095090280000044800000
032023071025095090290000034000000
032023071033393390010021669100001
032023071033393390020021506600001
032023071033393390030021385800001
032023071033393390040020929500001
032023071033393390050020683200000
032023071033393390060020154600000
032023071033393390070008000200000
032023071033393390080007562300000
032023071033393390090006740600000
032023071033393390100006273200000
032023071033393390110005872100000
032023071033393390120005630700000
032023071033393390130000584000000
032023071033393390140000554500000
032023071033393390150000373300000
032023071033393390160000369300000
032023071033393390170000343300000
032023071033393390180000334500000
032023071033393390190000303300000
032023071033393390200000191600000
032023071033393390210000098600000
032023071033393390220000062400000
032023071033393390230000052000000
032023071033393390240000046500000
032023071040710710010014322500001
032023071040710710020013598400001
032023071040710710030012025500001
032023071040710710040011371000000
032023071040710710050006358600000
032023071040710710060005582200000
032023071040710710070005227500000
032023071040710710080005115600000
032023071040710710090000572500000
032023071040710710100000341100000
032023071040710710110000115200000
032023071040710710120000082000000
032023071040710710130000049400000
032023071040720720010001622200001
032023071040720720020001515600000
032023071040720720030000887000000
032023071040720720040000357700000
032023071040720720050000024900000
032023071040730730010002638900001
032023071040730730020002347200000
032023071040730730030000660700000
032023071040730730040000057700000
032023071053513510010014946300001
032023071053513510020014336800001
032023071053513510030012409800001
032023071053513510040011523200000
032023071053513510050005111800000
032023071053513510060003074500000
032023071053513510070002958700000
032023071053513510080002770200000
032023071053513510090002645800000
032023071053513510100002613000000
032023071053513510110002390700000
032023071053513510120000755100000
032023071053513510130000375000000
032023071053513510140000159600000
032023071053513510150000127600000
032023071053513510160000106300000
032023071053513510170000086600000
032023071053513510180000053800000
032023071053513510190000053000000
032023071053523520010002161800001
032023071053523520020001382200000
032023071053523520030000744900000
032023071053523520040000566300000
032023071053523520050000550500000
032023071053523520060000133200000
032023071053523520070000011800000
032023071053533530010001087800001
032023071053533530020000892400000
032023071053533530030000803200000
032023071053533530040000439000000
032023071053533530050000339700000
032023071053533530060000265000000
032023071053533530070000028900000
032023071053533530080000007900000
032023071053533530090000002200000
032023071053843840010014704000001
032023071053843840020013864000001
032023071053843840030012211100001
032023071053843840040011787600000
032023071053843840050006314800000
032023071053843840060006013600000
032023071053843840070004227000000
032023071053843840080004034400000
032023071053843840090003919100000
032023071053843840100002743900000
032023071053843840110000565400000
032023071053843840120000495000000
032023071053843840130000470500000
032023071053843840140000358300000
032023071053843840150000244800000
032023071053843840160000093500000
032023071053843840170000060900000
032023071053843840180000058700000
032023071053853850010001291200001
032023071053853850020001268500000
032023071053853850030001109000000
032023071053853850040000228200000
032023071053853850050000225400000
032023071053853850060000028200000
032023071053853850070000026900000
032023071053853850080000005200000
032023071053853850090000003200000
032023071053863860010000399600001
032023071053863860020000309600000
032023071053863860030000174700000
032023071053863860040000076600000
032023071053863860050000057200000
032023071053863860060000013900000
032023071053863860070000005400000
032023071053873870010000218900001
032023071053873870020000175900000
032023071053873870030000117300000
032023071053873870040000036000000
032023071053873870050000026200000
032023071053873870060000006800000
032023071053873870070000002400000
032023071063993990010015118300001
032023071063993990020014736700001
032023071063993990030014573500001
032023071063993990040011673000001
032023071063993990050011565300000
032023071063993990060011021900000
032023071063993990070004019900000
032023071063993990080003777400000
032023071063993990090003619700000
032023071063993990100003048100000
032023071063993990110002420000000
032023071063993990120002308800000
032023071063993990130000429900000
032023071063993990140000180800000
032023071063993990150000141600000
032023071070290290010009121600001
032023071070290290020008949200001
032023071070290290030008746200001
032023071070290290040007758500001
032023071070290290050007460300000
032023071070290290060007254600000
032023071070290290070003130100000
032023071070290290080002948900000
032023071070290290090002827000000
032023071070290290100001619600000
032023071070290290110001378100000
032023071070290290120001345800000
032023071070290290130000289800000
032023071070290290140000112000000
032023071070290290150000074200000
032023071071391390010011784700001
032023071071391390020011616300001
032023071071391390030011402400001
032023071071391390040010066600001
032023071071391390050009917600000
032023071071391390060009573100000
032023071071391390070003806300000
032023071071391390080003582200000
032023071071391390090003446700000
032023071071391390100001761200000
032023071071391390110001614300000
032023071071391390120001365000000
032023071071391390130000281900000
032023071071391390140000174200000
032023071071391390150000096400000
032023071071391390160000091400000
032023071071691690010004672600001
032023071071691690020004598600001
032023071071691690030004468700001
032023071071691690040004217700001
032023071071691690050004089900000
032023071071691690060004035200000
032023071071691690070001483500000
032023071071691690080001384500000
032023071071691690090001321000000
032023071071691690100000731600000
032023071071691690110000644200000
032023071071691690120000580700000
032023071071691690130000098900000
032023071071691690140000034200000
032023071071691690150000033900000
032023071071691690160000030400000
032023071071691690170000027100000
032023071071691690180000024100000
032023071071691690190000020800000
032023071071991990010005291000001
032023071071991990020005153100001
032023071071991990030005037600001
032023071071991990040004731300001
032023071071991990050004536500000
032023071071991990060004341700000
032023071071991990070002421300000
032023071071991990080002272900000
032023071071991990090002170400000
032023071071991990100001321700000
032023071071991990110001224700000
032023071071991990120000990700000
032023071071991990130000226100000
032023071071991990140000073400000
032023071071991990150000060600000
032023071071991990160000051800000
032023071071991990170000039300000
032023071074594590010015235600001
032023071074594590020014872800001
032023071074594590030014750900001
032023071074594590040013004600001
032023071074594590050012661800000
032023071074594590060012292000000
032023071074594590070006410300000
032023071074594590080006111200000
032023071074594590090005920800000
032023071074594590100003158300000
032023071074594590110002644700000
032023071074594590120002421500000
032023071074594590130000399400000
032023071074594590140000246700000
032023071074594590150000229300000
032023071074594590160000117200000
032023071074594590170000102900000
032023071074594590180000086000000
032023071080590590010004275500001
032023071080590590020004169300001
032023071080590590030004069200001
032023071080590590040002594600001
032023071080590590050002535900000
032023071080590590060002360200000
032023071080590590070001205900000
032023071080590590080001091200000
032023071080590590090001085800000
032023071080590590100001046300000
032023071080590590110000885300000
032023071080590590120000838800000
032023071080590590130000615300000
032023071080590590140000432300000
032023071080590590150000389900000
032023071080590590160000069600000
032023071080590590170000033400000
032023071080590590180000026600000
032023071080590590190000025100000
032023071080590590200000013300000
032023071080990990010008139300001
032023071080990990020008035700001
032023071080990990030007840100001
032023071080990990040006975400001
032023071080990990050006811800000
032023071080990990060006290600000
032023071080990990070002308100000
032023071080990990080002075500000
032023071080990990090001939700000
032023071080990990100001852400000
032023071080990990110001639800000
032023071080990990120001340900000
032023071080990990130000551000000
032023071080990990140000332700000
032023071080990990150000234800000
032023071080990990160000199100000
032023071080990990170000157500000
032023071080990990180000123900000
032023071080990990190000097100000
032023071080990990200000075700000
032023071082492490010010140300001
032023071082492490020009927200001
032023071082492490030009739600001
032023071082492490040009061900001
032023071082492490050008828000000
032023071082492490060008427000000
032023071082492490070003267800000
032023071082492490080002891400000
032023071082492490090002870600000
032023071082492490100002659300000
032023071082492490110002560000000
032023071082492490120002514100000
032023071082492490130001974700000
032023071082492490140001486600000
032023071082492490150001349300000
032023071082492490160000181300000
032023071082492490170000164900000
032023071082492490180000111800000
032023071082492490190000098000000
032023071082492490200000092900000
032023071082492490210000087400000
032023071082492490220000075600000
032023071082492490230000056300000
032023071082492490240000048600000
032023071082492490250000028300000
032023071083493490010004092900001
032023071083493490020003946900001
032023071083493490030003936600001
032023071083493490040003490300001
032023071083493490050003216800000
032023071083493490060003078100000
032023071083493490070001064100000
032023071083493490080000964400000
032023071083493490090000933300000
032023071083493490100000688300000
032023071083493490110000517900000
032023071083493490120000324400000
032023071083493490130000116200000
032023071083493490140000105500000
032023071083493490150000083800000
032023071083493490160000078700000
032023071083493490170000069300000
032023071083493490180000069000000
032023071083493490190000037600000
032023071083493490200000036300000
032023071083493490210000024900000
032023071083493490220000015400000
032023071083493490230000013700000
032023071083493490240000005800000
032023071083793790010009384800001
032023071083793790020009172300001
032023071083793790030009114800001
032023071083793790040005996700001
032023071083793790050005704900000
032023071083793790060005517400000
032023071083793790070002411000000
032023071083793790080002239000000
032023071083793790090002141800000
032023071083793790100001330300000
032023071083793790110000952400000
032023071083793790120000881200000
032023071083793790130000230700000
032023071083793790140000197900000
032023071083793790150000183400000
032023071083793790160000158200000
032023071083793790170000139300000
032023071083793790180000108000000
032023071083793790190000083600000
032023071083793790200000061800000
032023071083793790210000054300000
032023071083793790220000053400000
032023071083793790230000040300000
032023071083793790240000027900000
032023071083793790250000024000000
032023071083793790260000017200000
032023071083793790270000011800000
032023071084094090010004042400001
032023071084094090020003943900001
032023071084094090030003878100001
032023071084094090040002799600001
032023071084094090050002639000000
032023071084094090060002501200000
032023071084094090070001093400000
032023071084094090080001002000000
032023071084094090090000958100000
032023071084094090100000772500000
032023071084094090110000606800000
032023071084094090120000564600000
032023071084094090130000083100000
032023071084094090140000064200000
032023071084094090150000044400000
032023071084094090160000033200000
032023071084094090170000029600000
032023071084094090180000022500000
032023071084094090190000015200000
032023071084094090200000011000000
032023071084294290010001845600001
032023071084294290020001779600001
032023071084294290030001728000001
032023071084294290040001461100001
032023071084294290050001382000000
032023071084294290060001305000000
032023071084294290070001143300000
032023071084294290080001019800000
032023071084294290090000975600000
032023071084294290100000459900000
032023071084294290110000403800000
032023071084294290120000379600000
032023071084294290130000237000000
032023071084294290140000160000000
032023071084294290150000134500000
032023071084294290160000026200000
032023071084294290170000012700000
032023071084294290180000009200000
032023071084294290190000006200000
032023071084794790010013082700001
032023071084794790020012935700001
032023071084794790030012756400001
032023071084794790040010595800001
032023071084794790050010398800000
032023071084794790060009715600000
032023071084794790070004099600000
032023071084794790080003752600000
032023071084794790090003664700000
032023071084794790100002865000000
032023071084794790110002191600000
032023071084794790120002120400000
032023071084794790130000342600000
032023071084794790140000210900000
032023071084794790150000196300000
032023071084794790160000177700000
032023071084794790170000157600000
032023071084794790180000141400000
032023071084794790190000119300000
032023071084794790200000117700000
032023071084794790210000093100000
032023071084794790220000092200000
032023071084794790230000088200000
032023071084794790240000083600000
032023071084794790250000065900000
032023071084794790260000061200000
032023071084794790270000042700000
032023071084994990010004547600001
032023071084994990020004435000001
032023071084994990030004416700001
032023071084994990040003355300001
032023071084994990050003255500000
032023071084994990060003107700000
032023071084994990070001152700000
032023071084994990080001039200000
032023071084994990090000970600000
032023071084994990100000590300000
032023071084994990110000482400000
032023071084994990120000416600000
032023071084994990130000343900000
032023071084994990140000224300000
032023071084994990150000197800000
032023071084994990160000124600000
032023071084994990170000080000000
032023071084994990180000077600000
032023071084994990190000065300000
032023071084994990200000054000000
032023071084994990210000028100000
032023071084994990220000027200000
032023071084994990230000024600000
032023071084994990240000022300000
032023071084994990250000016900000
032023071090890890010085869800001
032023071090890890020082956200001
032023071090890890030076924800001
032023071090890890040048813700001
032023071090890890050044993500000
032023071090890890060042025400000
032023071090890890070039576900000
032023071090890890080036351000000
032023071090890890090035376200000
032023071090890890100034016800000
032023071090890890110031593800000
032023071090890890120030341900000
032023071090890890130028279800000
032023071090890890140027272900000
032023071090890890150023880700000
032023071090890890160016582400000
032023071090890890170015306500000
032023071090890890180014552100000
032023071090890890190005647300000
032023071090890890200004907700000
032023071090890890210003673300000
032023071090890890220003441400000
032023071090890890230001873700000
032023071090890890240000884800000
032023071090890890250000441900000
032023071090890890260000438400000
032023071091791790010008343200001
032023071091791790020007637200001
032023071091791790030007473900001
032023071091791790040007300600001
032023071091791790050006700200000
032023071091791790060006529600000
032023071091791790070006410800000
032023071091791790080006293800000
032023071091791790090005593900000
032023071091791790100003293400000
032023071091791790110003085500000
032023071091791790120002924400000
032023071091791790130002897500000
032023071091791790140002816400000
032023071091791790150002281400000
032023071091791790160001817700000
032023071091791790170001682000000
032023071091791790180001598200000
032023071091791790190000965200000
032023071091791790200000547500000
032023071091791790210000546300000
032023071091791790220000502300000
032023071091791790230000259700000
032023071091791790240000114200000
032023071092592590010004860100001
032023071092592590020004563200001
032023071092592590030004435300001
032023071092592590040004391900001
032023071092592590050003848800000
032023071092592590060003728500000
032023071092592590070003604800000
032023071092592590080003444000000
032023071092592590090003215300000
032023071092592590100002337100000
032023071092592590110002224200000
032023071092592590120002193000000
032023071092592590130001456600000
032023071092592590140001102200000
032023071092592590150001043300000
032023071092592590160000985400000
032023071092592590170000965800000
032023071092592590180000958900000
032023071092592590190000323100000
032023071092592590200000304300000
032023071092592590210000199900000
032023071092592590220000197000000
032023071092592590230000114300000
032023071092592590240000110900000
032023071092592590250000090900000
032023071092592590260000075100000
032023071092592590270000047300000
032023071094394390010010882000001
032023071094394390020010633600001
032023071094394390030009915400001
032023071094394390040007144000001
032023071094394390050006642400000
032023071094394390060006069200000
032023071094394390070005025400000
032023071094394390080004904100000
032023071094394390090004730300000
032023071094394390100004716500000
032023071094394390110004349000000
032023071094394390120003972800000
032023071094394390130003800400000
032023071094394390140002915800000
032023071094394390150002886600000
032023071094394390160002868700000
032023071094394390170002812100000
032023071094394390180002685900000
032023071094394390190000747000000
032023071094394390200000635500000
032023071094394390210000472900000
032023071094394390220000405100000
032023071094394390230000225300000
032023071094394390240000101100000
032023071094394390250000080000000
032023071094394390260000057200000
032023071094394390270000037700000
032023071100690690010015108700001
032023071100690690020015076400001
032023071100690690030014844800001
032023071100690690040014702000001
032023071100690690050014641300000
032023071100690690060014442100000
032023071100690690070004508400000
032023071100690690080004244100000
032023071100690690090004064700000
032023071100690690100002682500000
032023071100690690110002279300000
032023071100690690120002261600000
032023071100690690130000617800000
032023071100690690140000536400000
032023071100690690150000496700000
032023071100690690160000296400000
032023071100690690170000174300000
032023071100690690180000123000000
032023071100690690190000060400000
032023071101091090010009010400001
032023071101091090020008910800001
032023071101091090030008866800001
032023071101091090040008806200001
032023071101091090050008684900000
032023071101091090060008609800000
032023071101091090070002701300000
032023071101091090080002561200000
032023071101091090090002508400000
032023071101091090100001646000000
032023071101091090110001451400000
032023071101091090120001439500000
032023071101091090130000347300000
032023071101091090140000264400000
032023071101091090150000215700000
032023071101091090160000201100000
032023071101091090170000189200000
032023071101091090180000147900000
032023071101091090190000128300000
032023071101091090200000060800000
032023071101091090210000038000000
032023071111591590010028231400001
032023071111591590020027454500001
032023071111591590030027199000001
032023071111591590040019180900001
032023071111591590050017973900000
032023071111591590060016906800000
032023071111591590070008932800000
032023071111591590080008196200000
032023071111591590090007156300000
032023071111591590100007035600000
032023071111591590110005887100000
032023071111591590120005680400000
032023071111591590130002851600000
032023071111591590140002530600000
032023071111591590150002443500000
032023071111591590160000742600000
032023071111591590170000419500000
032023071111591590180000410200000
032023071111591590190000184000000
032023071112792790010009589700001
032023071112792790020009418700001
032023071112792790030009241900001
032023071112792790040005877300001
032023071112792790050005601000000
032023071112792790060005366000000
032023071112792790070002112400000
032023071112792790080001659700000
032023071112792790090001486100000
032023071112792790100001072700000
032023071112792790110000838000000
032023071112792790120000736300000
032023071112792790130000665500000
032023071112792790140000642300000
032023071112792790150000611000000
032023071112792790160000179200000
032023071112792790170000049600000
032023071112792790180000047800000
032023071112792790190000039200000
032023071113293290010008891000001
032023071113293290020008759300001
032023071113293290030008565700001
032023071113293290040005244400001
032023071113293290050004932700000
032023071113293290060004811700000
032023071113293290070002047700000
032023071113293290080001614400000
032023071113293290090001473800000
032023071113293290100001102300000
032023071113293290110000915000000
032023071113293290120000771000000
032023071113293290130000693000000
032023071113293290140000682200000
032023071113293290150000659100000
032023071113293290160000205300000
032023071113293290170000058100000
032023071113293290180000044800000
032023071113293290190000034600000
032023071113293290200000023700000
032023071113293290210000013500000
032023071113293290220000009500000
032023071113693690010022041500001
032023071113693690020021531100001
032023071113693690030021245600001
032023071113693690040018698000001
032023071113693690050017047400000
032023071113693690060016493900000
032023071113693690070006895600000
032023071113693690080006882600000
032023071113693690090006038500000
032023071113693690100005765800000
032023071113693690110005180100000
032023071113693690120005150300000
032023071113693690130002384900000
032023071113693690140002117000000
032023071113693690150002065800000
032023071113693690160000597100000
032023071113693690170000518500000
032023071113693690180000349800000
032023071113693690190000209700000
032023071113693690200000143700000
032023071122892890010150531800001
032023071122892890020146896900001
032023071122892890030145339400001
032023071122892890040106356800001
032023071122892890050100732200000
032023071122892890060098105100000
032023071122892890070056976500000
032023071122892890080045893100000
032023071122892890090044285000000
032023071122892890100041550800000
032023071122892890110041040400000
032023071122892890120038794000000
032023071122892890130004206000000
032023071122892890140002209800000
032023071122892890150002177200000
032023071122892890160001773300000
032023071122892890170001298000000
032023071122892890180000829800000
032023071122892890190000731800000
032023071122892890200000709000000
032023071122892890210000437400000
032023071122892890220000394000000
032023071122892890230000390800000
032023071122892890240000352000000
032023071122892890250000316800000
032023071133193190010009344800001
032023071133193190020008910700001
032023071133193190030008343500001
032023071133193190040006613200001
032023071133193190050006500400000
032023071133193190060006247000000
032023071133193190070006122700000
032023071133193190080005997500000
032023071133193190090005853300000
032023071133193190100005806000000
032023071133193190110005676100000
032023071133193190120005623000000
032023071133193190130004238300000
032023071133193190140003285300000
032023071133193190150002884500000
032023071133193190160001529500000
032023071133193190170001153900000
032023071133193190180001054100000
032023071133193190190000426300000
032023071133193190200000240800000
032023071133193190210000135700000
032023071133193190220000117400000
032023071140190190010004586800001
032023071140190190020004273800001
032023071140190190030004214800001
032023071140190190040003553500001
032023071140190190050003410200000
032023071140190190060003161000000
032023071140190190070003148600000
032023071140190190080002973600000
032023071140190190090002913900000
032023071140190190100002895600000
032023071140190190110002826100000
032023071140190190120002805400000
032023071140190190130002057800000
032023071140190190140001595500000
032023071140190190150001564400000
032023071140190190160000610200000
032023071140190190170000559100000
032023071140190190180000521300000
032023071140190190190000176900000
032023071140190190200000112600000
032023071140190190210000087500000
032023071140190190220000078100000
032023071140190190230000059700000
032023071140190190240000053800000
032023071140190190250000031000000
032023071142092090010011890600001
032023071142092090020011707300001
032023071142092090030011256500001
032023071142092090040009008000001
032023071142092090050008775600000
032023071142092090060008570800000
032023071142092090070008469900000
032023071142092090080008064400000
032023071142092090090007940500000
032023071142092090100003444700000
032023071142092090110003291500000
032023071142092090120003199300000
032023071142092090130003137900000
032023071142092090140003050600000
032023071142092090150003030400000
032023071142092090160000688600000
032023071142092090170000634400000
032023071142092090180000598700000
032023071142092090190000232000000
032023071142092090200000218800000
032023071142092090210000153900000
032023071142092090220000151500000
032023071142092090230000140900000
032023071142092090240000111600000
032023071142092090250000078900000
032023071142092090260000061400000
032023071142092090270000032000000
032023071144894890010017661400001
032023071144894890020016762200001
032023071144894890030016457700001
032023071144894890040015413400001
032023071144894890050014791500000
032023071144894890060014168900000
032023071144894890070013312500000
032023071144894890080012470400000
032023071144894890090012183400000
032023071144894890100006987400000
032023071144894890110006799200000
032023071144894890120006631400000
032023071144894890130006183000000
032023071144894890140005318700000
032023071144894890150004961700000
032023071144894890160001383200000
032023071144894890170001292200000
032023071144894890180001227000000
032023071144894890190000477600000
032023071144894890200000284800000
032023071144894890210000272700000
032023071144894890220000224500000
032023071144894890230000171000000
032023071144894890240000145900000
032023071153093090010030362800001
032023071153093090020029567800001
032023071153093090030029270500001
032023071153093090040019968000001
032023071153093090050018960200000
032023071153093090060018109100000
032023071153093090070015908600000
032023071153093090080015119000000
032023071153093090090014724100000
032023071153093090100006921500000
032023071153093090110005668600000
032023071153093090120005211100000
032023071153093090130000777800000
032023071153093090140000712700000
032023071153093090150000515300000
032023071153093090160000342600000
032023071153093090170000252900000
032023071153093090180000227700000
032023071153093090190000220400000
032023071153093090200000191100000
032023071153093090210000181100000
032023071153093090220000102300000
032023071153093090230000086400000
032023071153093090240000066100000
032023071153093090250000064500000
032023071153093090260000047600000
032023071162692690010007972900001
032023071162692690020007836000001
032023071162692690030007776200001
032023071162692690040006206600001
032023071162692690050006028200000
032023071162692690060005828200000
032023071162692690070001508800000
032023071162692690080001396800000
032023071162692690090001320100000
032023071162692690100001303300000
032023071162692690110001095400000
032023071162692690120000914700000
032023071162692690130000145100000
032023071162692690140000116600000
032023071162692690150000091300000
032023071162692690160000088000000
032023071162692690170000083100000
032023071162692690180000081600000
032023071162692690190000071000000
032023071162692690200000060800000
032023071162692690210000041600000
032023071170390390010033838600001
032023071170390390020032680900001
032023071170390390030032209400001
032023071170390390040030058600001
032023071170390390050028461700000
032023071170390390060026765200000
032023071170390390070012482100000
032023071170390390080011696800000
032023071170390390090011123800000
032023071170390390100010938400000
032023071170390390110009763900000
032023071170390390120008666600000
032023071170390390130001298700000
032023071170390390140000899600000
032023071170390390150000893100000
032023071170390390160000308100000
032023071170390390170000228300000
032023071170390390180000117000000
032023071170390390190000109500000
032023071171291290010011139300001
032023071171291290020010939700001
032023071171291290030010739100001
032023071171291290040010593200001
032023071171291290050010130900000
032023071171291290060009439100000
032023071171291290070004438700000
032023071171291290080004174500000
032023071171291290090003791800000
032023071171291290100003661100000
032023071171291290110003488800000
032023071171291290120003131700000
032023071171291290130000394900000
032023071171291290140000232900000
032023071171291290150000230700000
032023071171291290160000105600000
032023071171291290170000073500000
032023071171291290180000063100000
032023071174694690010050300900001
032023071174694690020049657100001
032023071174694690030048581700001
032023071174694690040048219400001
032023071174694690050047496700000
032023071174694690060044117900000
032023071174694690070022540000000
032023071174694690080020218800000
032023071174694690090018627700000
032023071174694690100018153300000
032023071174694690110017266900000
032023071174694690120016786700000
032023071174694690130002184900000
032023071174694690140001198400000
032023071174694690150001105200000
032023071174694690160000456600000
032023071174694690170000403400000
032023071174694690180000327300000
032023071174694690190000211700000
032023071174694690200000176500000
032023071174694690210000167000000
032023071174694690220000132800000
032023071174694690230000118800000
032023071174694690240000076200000
032023071185195190010001221900001
032023071185195190020001171500001
032023071185195190030001070400000
032023071185195190040001023500000
032023071185195190050000794100000
032023071185195190060000753400000
032023071185195190070000103100000
032023071185195190080000077300000
032023071185195190090000008700000
032023071185195190100000007500000
032023071185195190110000003800000
032023071195295290010001350100001
032023071195295290020001296100001
032023071195295290030000606500000
032023071195295290040000605100000
032023071195295290050000404100000
032023071195295290060000400900000
032023071195295290070000141800000
032023071195295290080000125300000
032023071195295290090000078800000
032023071195295290100000076600000
032023071195295290110000029100000
032023071195295290120000006800000
032023071195295290130000004000000
