021989101010490000050000070100000
021989101010490000230001869700000
021989101011890000020010061900002
021989101012990000100000028500000
021989101012990000120000035100000
021989101014190000140000482300000
021989101014190000230009308000001
021989101024490000010003374400002
021989101025090000060000051000000
021989101029990000100000043500000
021989101029990000120000055300000
021989101033390000130000286100000
021989101039990000070000160400000
021989101039990000120000040600000
021989101049990000080000870900000
021989101053890000050000084400000
021989101053890000150000211700000
021989101059990000010024203500007
021989101059990000390005336400000
021989101063990000050000129100000
021989101063990000150000248100000
021989101069990000020011440300002
021989101070290000060000027000000
021989101071390000080000219300000
021989101071390000100000019500000
021989101071390000120000016800000
021989101071690000120000006300000
021989101071690000140000061500000
021989101071990000150000046700000
021989101074590000060000058900000
021989101080990000010006581100002
021989101082490000030002889800000
021989101083490000050000039800000
021989101083490000150000076800000
021989101083790000020008804800002
021989101083790000030002706800000
021989101083790000060000027800000
021989101083790000120000020600000
021989101083790000510000058400000
021989101084790000010010153200002
021989101084990000050000028800000
021989101089990000100000136900000
021989101090890000580001851800000
021989101090890000600000227600000
021989101091790000260000041800000
021989101091790000580000318800000
021989101091790000590001008900000
021989101092590000100000012000000
021989101099990000520000265300000
021989101100690000120000018800000
021989101101090000120000013000000
021989101109990000010033086900007
021989101109990000070000154200000
021989101010490000080000417600000
021989101010490000240011558700004
021989101011490000130000127100000
021989101011490001080000134300000
021989101011890000230004706700001
021989101011890000250001082400000
021989101012190000050000099800000
021989101012190000120000015100000
021989101012390000050000077700000
021989101014190000160000000000000
021989101019990000240179371700042
021989101024490000040000358000000
021989101025090000020012572800002
021989101025090000160000000000000
021989101029990000050000283400000
021989101029990000130000405300000
021989101033390000120000040600000
021989101040790000060000054100000
021989101049990000020014016300003
021989101053590000160000000000000
021989101059990000140000613800000
021989101063990000080000220800000
021989101063990000130000172700000
021989101063990000480000186000000
021989101069990000120000034700000
021989101069990000130000172700000
021989101070290000130000072900000
021989101071690000010005846500002
021989101071990000010003165300001
021989101071990000040000728000000
021989101074590000010013552600003
021989101074590000130000088400000
021989101079990000020032871400008
021989101079990000030007529800000
021989101080590000040000481500000
021989101080990000130000124400000
021989101082490000010011404600003
021989101083490000100000018200000
021989101083790000070000038400000
021989101084290000010001842100001
021989101084790000070000049300000
021989101089990000160000000000000
021989101090890000520000222300000
021989101090890000530090354600014
021989101090890000550074168200011
021989101091790000050000074000000
021989101091790000100000022700000
021989101091790000990000772600000
021989101092590000050000048000000
021989101092590000260000041800000
021989101092590000570000091900000
021989101101090000130000120000000
021989101109990000150000219600000
021989101010490000100000018400000
021989101010490000180000011100000
021989101010490000250000511600000
021989101011190000180000027600000
021989101012390000080000254000000
021989101012390000140000136900000
021989101012990000030002843400000
021989101022290000300001426000000
021989101024490000290000020300000
021989101033390000100000046900000
021989101033390000160000000000000
021989101040790000100000032700000
021989101049990000070000105000000
021989101053890000120000033600000
021989101059990000050000165400000
021989101063990000070000113200000
021989101069990000040001905800000
021989101070290000010009790400003
021989101071390000040001728500000
021989101071690000060000025600000
021989101080590000030003440200001
021989101080590000100000011000000
021989101083790000100000032900000
021989101084290000100000007700000
021989101091790000020002046800000
021989101091790000560000008600000
021989101092590000130000067400000
021989101094390000050000113500000
021989101094390001200001082900000
021989101099990000540002440600000
021989101100690001130000121100000
021989101101090000010012639600003
021989101101090000030002122800000
021989101109990000040004216600000
021989101112790000670000565000000
021989101112790000960000399900000
021989101113290000640000245500000
021989101113690000680013891000004
021989101119990000160000000000000
021989101119990000650004582100000
021989101119990001130000153900000
021989101122890000100000163200000
021989101122890000700000333000000
021989101122890000710000339600000
021989101129990000020091935700012
021989101139990000040001597900000
021989101139990000160000000000000
021989101140190000080000183800000
021989101140190000800000039700000
021989101142090000750003685700001
021989101153090000080000625300000
021989101153090000120000063300000
021989101153090000140000358900000
021989101011190000050000150100000
021989101011890000050000431000000
021989101011890000060000046000000
021989101011890000080000561300000
021989101011890000180000017400000
021989101012390000120000016600000
021989101012390000240019773300004
021989101012990000060000072200000
021989101012990000080000678300000
021989101012990000180000025300000
021989101012990000220000082700000
021989101014190000050000627700000
021989101019990000080005161600000
021989101019990000120000211000000
021989101019990000190000143600000
021989101019990000220000657800000
021989101024490000060000009700000
021989101029990000040006420000001
021989101029990000290000315600000
021989101039990000080000342400000
021989101039990000100000046900000
021989101039990000320000321800000
021989101040790000010011883300003
021989101040790000360000876200000
021989101053590000010011367500003
021989101053590000410000633300000
021989101053890000060000037600000
021989101053890000080000390600000
021989101059990000030011789700003
021989101059990000060000076700000
021989101069990000010011935200003
021989101069990000050000129100000
021989101071390000180000010500000
021989101071990000060000018200000
021989101071990000490000042600000
021989101079990000070000150000000
021989101080590000020003575700001
021989101082490000130000181900000
021989101083490000020005018600002
021989101083790000130000105200000
021989101084990000030001479100000
021989101084990000100000020900000
021989101089990000060000217200000
021989101089990000130000797100000
021989101090890000590020005000003
021989101091790000570000126100000
021989101092590000080000215400000
021989101092590000520000015800000
021989101092590000610000072300000
021989101094390000550009311000002
021989101094390000590001447800000
021989101099990000130001232200000
021989101101090000100000011100000
021989101011190000120000038300000
021989101011490001120000115300000
021989101012190000130000114800000
021989101012990000230006952200001
021989101019990000060000341300000
021989101019990000130001085600000
021989101024490000140000029100000
021989101039990000060000075100000
021989101040790000260000000000000
021989101040790000340000288300000
021989101049990000100000032700000
021989101053590000020007344300002
021989101053590000130000152300000
021989101053890000030003177600001
021989101059990000120000091000000
021989101063990000040001905800000
021989101063990000310000018600000
021989101069990000100000025600000
021989101071390000020008207400002
021989101071390000130000094800000
021989101071690000030000914900000
021989101071690000040000552900000
021989101071690000100000015900000
021989101074590000150000152000000
021989101079990000150000479100000
021989101082490000080000291300000
021989101083790000010007996600002
021989101084090000120000027800000
021989101084290000120000013700000
021989101084790000500000094700000
021989101089990000010052755100014
021989101090890000060000208700000
021989101090890000080002918700000
021989101091790000130000140100000
021989101092590000180000015300000
021989101092590000540000118600000
021989101092590000990000728200000
021989101094390000020003581300001
021989101094390000570000204000000
021989101099990000080003794200000
021989101099990000600000302200000
021989101100690000030003721500000
021989101101090000080000111700000
021989101111590000030004667500001
021989101113290000030001048600000
021989101113290000950000016600000
021989101113690000020016437800004
021989101113690000050000195700000
021989101113690000960001555800000
021989101122890000010089972300012
021989101122890000060000365700000
021989101122890000110000184700000
021989101122890000310000076700000
021989101010490000020005142100001
021989101010490000030001952300000
021989101011190000060000051500000
021989101011190000140000392800000
021989101011190000240024341000006
021989101011490000220000070500000
021989101011490001020000021400000
021989101011890000120000021900000
021989101012190000140000109600000
021989101012190000150000115700000
021989101012390000020008890600002
021989101012390000150000123100000
021989101012990000130000198700000
021989101019990000150001572400000
021989101019990000160000000000000
021989101019990000230040873300005
021989101022290000040000907400000
021989101022290000100000012000000
021989101025090000150000296500000
021989101029990000060000071000000
021989101029990000160000000000000
021989101033390000040009549400001
021989101040790000370001755500000
021989101049990000130000162100000
021989101053590000060000039100000
021989101053590000420001324400000
021989101053890000130000199000000
021989101059990000160000000000000
021989101069990000070000113200000
021989101069990000080000220800000
021989101069990000310000018600000
021989101071690000050000064900000
021989101071690000150000056200000
021989101071990000070000007400000
021989101071990000130000049200000
021989101079990000050000268100000
021989101080990000030002197300000
021989101084290000050000016400000
021989101084790000130000138600000
021989101084790000180000017500000
021989101089990000050000535500000
021989101089990000070000269700000
021989101090890000560000059600000
021989101090890000610000811000000
021989101094390000180000015500000
021989101100690000080000250100000
021989101109990000100000026600000
021989101111590000680019084400004
021989101129990000140003049500000
021989101133190000130000110500000
021989101133190000760000256200000
021989101139990000060000021100000
021989101139990000080000186700000
021989101011490000050000150400000
021989101011890000030002461900000
021989101012990000240026314700007
021989101014190000080000816300000
021989101014190000280000024500000
021989101019990000180000125700000
021989101022290000090000041200000
021989101025090000290000207800000
021989101025090000300004857900001
021989101029990000080000687200000
021989101029990000140000297400000
021989101033390000060000075100000
021989101039990000010024858400004
021989101040790000020014016300003
021989101049990000060000054100000
021989101053590000140000299900000
021989101053590000390003581800000
021989101053890000010012836000004
021989101053890000410005843400001
021989101059990000430000141100000
021989101063990000010011935200003
021989101070290000030001465100000
021989101071390000010014341600003
021989101071690000080000075000000
021989101071690000180000004600000
021989101074590000030002315900000
021989101079990000180000068100000
021989101080590000130000021600000
021989101080990000060000039100000
021989101083490000120000014500000
021989101083490000130000073500000
021989101084090000040000638700000
021989101084090000150000096700000
021989101084290000030000526000000
021989101084790000060000054100000
021989101084790000120000034700000
021989101089990000500000119900000
021989101091790000550012084900003
021989101094390000130000097700000
021989101094390000520000013200000
021989101094390000580000205600000
021989101099990000180000166200000
021989101099990000590023145200003
021989101100690000020008783100002
021989101100690000060000054100000
021989101100690000130000074400000
021989101101090000150000097600000
021989101111590000310000043400000
021989101111590000640001567000000
021989101111590001130000153900000
021989101113290000120000015500000
021989101113290000960000369100000
021989101113690000640001342400000
021989101010490000140000206200000
021989101011890000240020459600004
021989101012190000060000020500000
021989101012190000240012312600004
021989101012990000160000000000000
021989101014190000060000079800000
021989101014190000190000143600000
021989101014190000220000176000000
021989101022290000060000010300000
021989101022290000070000023700000
021989101024490000300000889400000
021989101029990000090000184900000
021989101033390000070000160400000
021989101033390000140000435200000
021989101039990000160000000000000
021989101049990000350000039800000
021989101049990000360000876200000
021989101053590000440000637100000
021989101059990000410006476700001
021989101063990000100000025600000
021989101071990000080000060100000
021989101074590000050000050000000
021989101079990000130000357300000
021989101082490000060000037200000
021989101082490000120000019100000
021989101082490000510000182500000
021989101084090000010002746800001
021989101084090000140000080200000
021989101084290000020002675600002
021989101084290000500000025200000
021989101084990000020005482100002
021989101089990000080000968400000
021989101091790000080000319700000
021989101091790000600000025800000
021989101092590000590000683500000
021989101094390000080000340400000
021989101094390000560000012700000
021989101094390000610000122100000
021989101099990000160000000000000
021989101099990000530112397500020
021989101099990000580002597800000
021989101099990000620008475600000
021989101111590000020018570900004
021989101111590000120000042100000
021989101112790000120000021000000
021989101112790000130000050900000
021989101113290000080000080500000
021989101113690000650001203000000
021989101113690000660000388500000
021989101113690000950000084500000
021989101119990000030010376200001
021989101119990000080001306000000
021989101119990000140000579300000
021989101011190000080001622500000
021989101011190000130000178900000
021989101011190000230004487100001
021989101011490000240020750300005
021989101011490000250002471400000
021989101011890000150000217900000
021989101012190000180000009800000
021989101019990000020068862500012
021989101019990000100000187800000
021989101022290000020002993800001
021989101022290000130000087000000
021989101024490000130000041000000
021989101025090000010017410700003
021989101025090000030003282600000
021989101033390000050000185400000
021989101039990000050000185400000
021989101040790000330000798900000
021989101049990000050000077200000
021989101059990000380000150000000
021989101059990000400000047200000
021989101063990000030002897600000
021989101063990000470000090400000
021989101069990000030002897600000
021989101070290000020006066400001
021989101070290000150000089100000
021989101079990000490000042600000
021989101080590000070000014600000
021989101080990000040001601000000
021989101083490000070000022200000
021989101083790000040001230800000
021989101084090000020003570500002
021989101084090000030001476400000
021989101084790000080000180200000
021989101084790000160000000000000
021989101090890000050001078200000
021989101090890000160000000000000
021989101090890000620006064200000
021989101092590000020002271300000
021989101094390000060000022200000
021989101099990000060000250600000
021989101099990000570003196600000
021989101111590000100000043000000
021989101111590000140000302900000
021989101113290000110000013600000
021989101113290000650001457800000
021989101113290000670000492100000
021989101113690000120000069600000
021989101113690000670001599000000
021989101122890000030029518900004
021989101122890000080002553900000
021989101140190000020001942700001
021989101140190000060000009600000
021989101140190001000000018600000
021989101011490000020007656100001
021989101011890001080000383300000
021989101012190000080000322300000
021989101012190000230001627800000
021989101014190000250007303100001
021989101019990000030015943300000
021989101022290000120000011800000
021989101025090000080000531700000
021989101033390000020016259000003
021989101040790000030003167100000
021989101040790000050000077200000
021989101053590000030008612100002
021989101053590000050000081000000
021989101053590000150000257600000
021989101053590000430000141100000
021989101053890000380000052100000
021989101059990000420002153900000
021989101059990000440000637100000
021989101069990000060000086800000
021989101069990000480000186000000
021989101070290000070000055700000
021989101074590000070000033100000
021989101074590000100000014800000
021989101080590000010003028200001
021989101080590000050000015600000
021989101082490000020010979200002
021989101082490000070000051400000
021989101083790000050000047600000
021989101084790000020010769500003
021989101084990000070000017100000
021989101084990000130000046200000
021989101084990000150000052600000
021989101090890000130000927000000
021989101091790000540000209700000
021989101091790000620000880600000
021989101092590000550007660200002
021989101094390000260000060300000
021989101099990000560000089000000
021989101109990000050000165000000
021989101109990000630001098400000
021989101112790000650001404000000
021989101113290000660000376400000
021989101119990000120000148200000
021989101119990000680045975000012
021989101122890000120000197300000
021989101129990000720000188800000
021989101139990000010008667700002
021989101142090001000000031500000
021989101144890000100000039800000
021989101144890000120000052100000
021989101144890000740004835500001
021989101144890000810002216900000
021989101149990000830000000000000
021989101010490000220000027400000
021989101011190000030001990500000
021989101011890000100000019100000
021989101012990000050000165200000
021989101014190000120000048400000
021989101014190000150000247400000
021989101019990000050001772000000
021989101022290000030001001500000
021989101022290000290000087500000
021989101024490000150000036500000
021989101025090000070000057300000
021989101029990000070000089800000
021989101033390000080000342400000
021989101033390000150000334000000
021989101040790000350000039800000
021989101049990000330000798900000
021989101053590000080000621100000
021989101053590000380000097900000
021989101053590000400000047200000
021989101059990000150000469300000
021989101069990000150000248100000
021989101070290000160000000000000
021989101071990000030000662200000
021989101074590000080000207000000
021989101074590001130000114300000
021989101079990000040006772700000
021989101079990000100000056000000
021989101079990000120000070900000
021989101079990001130000114300000
021989101080590000080000068200000
021989101080590000150000048700000
021989101080990000050000061300000
021989101080990000070000048700000
021989101083490000010004131300001
021989101083490000030000969600000
021989101083490000060000022600000
021989101089990000030018919400001
021989101090890000100000112700000
021989101090890000540001957300000
021989101090890000990011068100001
021989101091790000530007446900002
021989101092590000580000221600000
021989101094390000620000859300000
021989101099990000100000161900000
021989101099990000550103224300018
021989101099990000610001005400000
021989101100690000010020447300004
021989101101090000630000757800000
021989101109990000080000361800000
021989101111590000650000517300000
021989101112790000030001237100000
021989101112790000050000037200000
021989101112790000080000101700000
021989101010490000120000014200000
021989101010490000130000065000000
021989101011190000100000040800000
021989101011490000060000036800000
021989101011490000100000021600000
021989101011490000230007710600001
021989101011890000220000080000000
021989101012990000250002620100000
021989101014190000030001842000000
021989101014190000240043861500008
021989101024490000020002769500001
021989101025090000040005154600001
021989101029990000300007173300001
021989101049990000110000043100000
021989101049990000370001755500000
021989101053890000140000313900000
021989101063990000120000034700000
021989101070290000120000019700000
021989101071390001120000135100000
021989101071690000070000015000000
021989101071690000130000052000000
021989101071990000140000062000000
021989101080590000120000007000000
021989101080590000140000113900000
021989101080990000020008844600002
021989101082490000040001791000000
021989101084090000080000061600000
021989101084290000070000011700000
021989101084790000150000331100000
021989101089990000180000028500000
021989101089990000510000296200000
021989101091790000060000019700000
021989101091790001190000000000000
021989101092590000530005250400002
021989101092590000600000017000000
021989101092590000620000671500000
021989101099990000020033601500004
021989101099990000050001313700000
021989101099990000360001944400000
021989101101090000040001222600000
021989101101090000060000025500000
021989101109990000060000079600000
021989101109990001130000121100000
021989101111590000150000200800000
021989101111590000690000134600000
021989101112790000110000019800000
021989101112790000310000008600000
021989101113290000310000011500000
021989101119990000690000365700000
021989101122890000070000300200000
021989101122890000150002399600000
021989101122890000160000000000000
021989101129990000050001162100000
021989101011190000250005317300001
021989101011490000180000016000000
021989101012190000220000026200000
021989101012390000130000113900000
021989101012990000150000473900000
021989101024490000080000049700000
021989101025090000140000268300000
021989101029990000020018336100004
021989101039990000020016259000003
021989101039990000030007664300001
021989101039990000140000435200000
021989101040790000130000162100000
021989101049990000030003167100000
021989101063990000060000086800000
021989101070290000040001658000000
021989101070290000140000133600000
021989101071390000050000050100000
021989101071390000070000038800000
021989101071990000050000020100000
021989101071990000180000007800000
021989101074590000020009916700002
021989101079990000010046696400012
021989101079990000080000685600000
021989101080990000120000038900000
021989101083490000040000653300000
021989101083790000140000233100000
021989101084090000050000028300000
021989101084090000100000013700000
021989101084990000140000063300000
021989101094390000360000135500000
021989101100690000040002994000000
021989101100690000050000090600000
021989101100690000070000116200000
021989101100690000630000340600000
021989101101090000020006543000002
021989101111590000130000325800000
021989101111590000660000553900000
021989101112790000060000013800000
021989101119990000150000654900000
021989101122890000020091935700012
021989101122890000040041439200005
021989101122890000200000135900000
021989101129990000040041439200005
021989101129990000110000184700000
021989101139990000740001334200000
021989101139990000790000000000000
021989101142090000130000070000000
021989101142090000800000119200000
021989101144890000030002114400000
021989101144890000150000658900000
021989101144890000160000000000000
021989101149990000030003831300000
021989101149990000740012361300002
021989101012190000030000984600000
021989101012390000100000020300000
021989101012390000220000108900000
021989101012390000230004211200000
021989101014190000130000183000000
021989101019990000140002224400000
021989101024490000120000007400000
021989101025090000050000211200000
021989101029990000010025534200007
021989101033390000030007664300001
021989101033390000310000352600000
021989101040790000070000105000000
021989101053890000020005660000001
021989101063990000020011440300002
021989101070290000050000083000000
021989101071390000140000206300000
021989101071990000100000005800000
021989101071990000120000007900000
021989101082490000050000071300000
021989101082490000100000032500000
021989101084290000040000287200000
021989101084290000060000010600000
021989101084790000040002675300000
021989101084990000040000511100000
021989101089990000040009869900000
021989101091790000180000015400000
021989101091790000520000014000000
021989101092590000560000008100000
021989101094390000100000014500000
021989101109990000020015326100004
021989101109990000030005844300000
021989101111590000050000271300000
021989101111590000060000057000000
021989101111590000950000063300000
021989101112790000020009237400003
021989101113290000980007670700003
021989101133190000740001334200000
021989101133190000780009221600003
021989101133190000790000000000000
021989101139990000090000154100000
021989101139990000770003063200000
021989101140190000030000922800000
021989101144890000060000040000000
021989101149990000020010369700002
021989101149990001000000104700000
021989101159990000120000063300000
021989101162690000150000189300000
021989101171290000010010622300003
021989101171290000140000375300000
021989101174690000080001109900000
021989101174690000160000000000000
021989101174690000890000136800000
021989101189990000900000276000000
021989101011190000020007668800001
021989101011490000030002111000000
021989101011490000080000489300000
021989101012190000020004117300001
021989101012390000030001757600000
021989101012390000250000901000000
021989101012990000140000379000000
021989101019990000250021268700002
021989101019990000280000024500000
021989101022290000010004749100002
021989101022290000150000140500000
021989101024490000030000731900000
021989101024490000050000035400000
021989101025090000090000143700000
021989101025090000130000277300000
021989101029990000030005016000000
021989101039990000040009549400001
021989101049990000010011883300003
021989101049990000260000000000000
021989101049990000340000288300000
021989101053890000390001754600000
021989101059990000080001011700000
021989101069990000470000090400000
021989101071390000030002171700000
021989101071690000020004974800001
021989101071990000020003706100002
021989101074590000040002105300000
021989101074590000180000045200000
021989101079990000060000129700000
021989101080590000060000014900000
021989101080990000080000220200000
021989101083490000140000130700000
021989101084090000060000010900000
021989101084090000070000016300000
021989101084090000130000051800000
021989101084290000080000046600000
021989101084790000030003234200000
021989101084790000050000226400000
021989101084990000080000100300000
021989101084990000510000055300000
021989101089990000140000859700000
021989101089990000150001234800000
021989101090890000360001808900000
021989101090890000570002774600000
021989101092590000360000000000000
021989101094390000600000031800000
021989101099990000260000643500000
021989101100690000100000015500000
021989101100690000150000122000000
021989101101090000050000074400000
021989101101090000070000038000000
021989101101090000140000165200000
021989101109990000130000194400000
021989101111590000110000064600000
021989101111590000670002120200000
021989101112790000140000179000000
021989101113690000690000153900000
021989101119990000100000059000000
021989101119990000640003413100000
021989101119990000960004364500000
021989101129990000130000842700000
021989101142090000100000014600000
021989101142090000160000000000000
021989101144890000080000468200000
021989101144890000800000312500000
021989101169990000150000189300000
021989101170390000100000057000000
021989101174690000860013771000002
021989101179990000080002192500000
021989101179990000120000119700000
021989101199990000010000674100000
021989101999990000320000321800000
021989101999990000700000333000000
021989101999990000770021727800004
021989101112790000100000016000000
021989101113290000140000097400000
021989101119990000060000142900000
021989101119990000130000698000000
021989101119990000670004776300000
021989101122890001080003049500000
021989101129990000150002399600000
021989101129990000190000496300000
021989101129990000310000076700000
021989101139990000110000024000000
021989101142090000120000024100000
021989101159990000040005110500000
021989101159990000050000155700000
021989101170390000030006623000001
021989101170390000190000088900000
021989101171290000050000199900000
021989101171290000080000304200000
021989101171290000150000187700000
021989101174690000050000778700000
021989101174690000260000176300000
021989101174690000870011870600001
021989101179990000050001294800000
021989101189990000020000785500000
021989101189990000030000188000000
021989101189990000140000075600000
021989101999990000440000637100000
021989101999990000560000298800000
021989101999990000750010523800002
021989101159990000010025610700005
021989101162690000070000027100000
021989101169990000080000182300000
021989101170390000050000316200000
021989101171290000160000000000000
021989101174690000010048126800008
021989101174690000030007757300001
021989101174690000070000186900000
021989101179990000070000402600000
021989101189990000130000015000000
021989101195290000010000674100000
021989101999990000010811556800175
021989101999990000050008625700000
021989101999990000140015710300000
021989101999990000930000030100000
021989101999990000940025468100005
021989101109990000120000031800000
021989101111590000080000525500000
021989101112790000680006340400002
021989101113290000690000057700000
021989101113690000060000059200000
021989101113690000080000598300000
021989101113690000110000052300000
021989101119990000950000180100000
021989101133190000060000021100000
021989101133190000070000033300000
021989101133190000080000186700000
021989101140190000810000421900000
021989101142090000940005729000001
021989101149990000110000086300000
021989101153090000100000054700000
021989101153090000130000296300000
021989101162690000080000182300000
021989101170390000130000242000000
021989101179990000140003581300000
021989101199990000030000031600000
021989101999990000340000288300000
021989101139990000100000027500000
021989101140190000150000095300000
021989101142090000060000025700000
021989101142090000770007813800002
021989101142090000830000000000000
021989101149990000840000093100000
021989101149990000940025211900005
021989101169990000040000949500000
021989101170390000140001031200000
021989101171290000060000031900000
021989101171290000130000123800000
021989101174690000130000312800000
021989101179990000190000088900000
021989101199990000930000030100000
021989101999990000040185858800017
021989101999990000070006266400000
021989101999990000310000541400000
021989101999990000330000798900000
021989101999990000500000119900000
021989101999990000740013695500002
021989101999990000900000276000000
021989101139990000130000110500000
021989101140190000120000012000000
021989101140190000740001168900000
021989101140190000820003572300002
021989101142090000150000227800000
021989101149990000120000088200000
021989101149990000130000338800000
021989101149990000150000982000000
021989101149990000160000000000000
021989101149990000770018664600004
021989101159990000020016671200003
021989101159990000100000054700000
021989101162690000060000022000000
021989101169990000030001062000000
021989101169990000070000027100000
021989101171290000030002242800000
021989101174690000060000142000000
021989101174690000120000062300000
021989101174690000880002751500000
021989101199990000130000013000000
021989101999990000490000042600000
021989101999990000620008475600000
021989101999990000660001441100000
021989101999990000670004776300000
021989101113690000970000266200000
021989101122890000730000082700000
021989101129990000030029518900004
021989101129990000070000300200000
021989101129990000100000163200000
021989101129990000120000197300000
021989101129990000210000097500000
021989101133190000050000051000000
021989101133190000100000027500000
021989101140190000110000013600000
021989101149990000100000066400000
021989101149990000810003332300000
021989101153090000050000155700000
021989101153090000060000083600000
021989101159990000030005763400001
021989101159990000140000358900000
021989101162690000030001062000000
021989101162690000090000076900000
021989101169990000090000076900000
021989101170390000150000634800000
021989101170390000160000000000000
021989101171290000020008635900002
021989101179990000260000461300000
021989101179990000850000104100000
021989101189990000080000060500000
021989101195290000030000031600000
021989101999990000030161771600014
021989101999990000110000790600000
021989101999990000420002153900000
021989101999990000650004582100000
021989101999990000830000000000000
021989101119990000310000093500000
021989101129990000160000000000000
021989101129990000180000105700000
021989101129990000200000135900000
021989101129990000710000339600000
021989101133190000160000000000000
021989101140190000100000012000000
021989101140190000130000058900000
021989101140190000770001601500000
021989101140190000940002324700001
021989101142090000080000124500000
021989101142090000110000021700000
021989101149990000080000776500000
021989101162690000040000949500000
021989101169990000060000022000000
021989101170390000870005949100001
021989101174690000150000723300000
021989101179990000890000136800000
021989101185190000010000864300001
021989101185190000900000276000000
021989101999990000120001593600000
021989101999990000510000296200000
021989101144890000130000209900000
021989101144890000770009249300002
021989101149990000060000075300000
021989101149990000750009728900002
021989101159990000070000160200000
021989101169990000010005867800002
021989101170390000070000163200000
021989101170390000860000396000000
021989101174690000020029071100004
021989101174690000100000087400000
021989101179990000130000678600000
021989101185190000140000075600000
021989101195290000070000011500000
021989101999990000130008121800000
021989101999990000180000494200000
021989101999990000190002123500000
021989101999990000400000047200000
021989101999990000640003413100000
021989101999990000850000104100000
021989101153090000040005110500000
021989101153090000150000390500000
021989101162690000020006073700002
021989101169990000130000084800000
021989101170390000010029088600005
021989101171290000120000017600000
021989101179990000160000000000000
021989101195290000930000030100000
021989101999990000020528597200107
021989101999990000690000365700000
021989101112790000950000015700000
021989101113290000130000055100000
021989101119990000050000528000000
021989101122890000050001162100000
021989101122890000180000105700000
021989101122890000720000188800000
021989101133190000110000024000000
021989101133190000770003063200000
021989101139990000030001953800000
021989101139990000070000033300000
021989101139990000760000256200000
021989101140190000750001187300000
021989101140190000830000000000000
021989101144890000750004855900001
021989101144890000820012774400002
021989101144890001000000054600000
021989101159990000130000296300000
021989101159990000150000390500000
021989101162690000130000084800000
021989101169990000050000067900000
021989101170390000080000778400000
021989101171290000260000097900000
021989101171290000560000027800000
021989101174690000560000146000000
021989101179990000100000192000000
021989101179990000870019220100002
021989101185190000020000785500000
021989101185190000130000015000000
021989101189990000010000864300001
021989101199990000070000011500000
021989101999990000300007173300001
021989101129990000700000333000000
021989101133190000010008667700002
021989101133190000030001953800000
021989101133190000040001597900000
021989101140190000840000093100000
021989101142090000030000794100000
021989101142090000820007018300002
021989101153090000010025610700005
021989101153090000030005763400001
021989101170390000560000036000000
021989101170390000850000104100000
021989101171290000870001400400000
021989101174690000140002174800000
021989101179990000010087837700016
021989101179990000150001545800000
021989101179990000560000209800000
021989101179990000860014492400002
021989101179990000880004076700000
021989101185190000030000188000000
021989101185190000080000060500000
021989101999990000080021988300000
021989101999990000090001709500000
021989101999990000100001280700000
021989101999990000200000135900000
021989101999990000250021268700002
021989101999990000410006476700001
021989101999990000430000141100000
021989101999990000630001098400000
021989101999990000710000339600000
021989101149990000820023365000006
021989101159990000060000083600000
021989101162690000050000067900000
021989101170390000020019503100003
021989101170390000060000135900000
021989101170390000260000187100000
021989101179990000020057210100009
021989101999990000060002402500000
021989101999990000160000000000000
021989101999990000210000097500000
021989101999990000350000039800000
021989101999990000730000082700000
021989101999990000860014492400002
021989101195290000020000974800001
021989101199990000020000974800001
021989101999990000280000024500000
021989101999990000840000093100000
021989101999990000880004076700000
021989101112790000640000258200000
021989101112790000690000019500000
021989101113290000060000012900000
021989101113290000680006659200002
021989101113690000150000454100000
021989101113690000160000000000000
021989101113690000310000030000000
021989101129990000010089972300012
021989101129990000080002553900000
021989101129990000730000082700000
021989101133190000090000154100000
021989101133190000750000794900000
021989101139990000750000794900000
021989101139990000780009221600003
021989101142090000740006356900001
021989101142090000810000693500000
021989101144890000110000051000000
021989101153090000020016671200003
021989101169990000020006073700002
021989101170390000120000039800000
021989101999990000550103224300018
021989101999990000890000136800000
021989101011190000150000279100000
021989101011190000220000086100000
021989101011890000130000104200000
021989101012190000250001061800000
021989101012390000060000034500000
021989101012990000020009935200002
021989101014190000020015390500002
021989101014190000100000039100000
021989101014190000180000018500000
021989101022290000050000036800000
021989101022290000080000105800000
021989101024490000070000008800000
021989101025090000100000031500000
021989101025090000120000036100000
021989101029990000150000473500000
021989101033390000010024858400004
021989101033390000320000321800000
021989101039990000130000286100000
021989101039990000150000334000000
021989101039990000310000352600000
021989101040790000080000870900000
021989101040790000110000043100000
021989101053590000120000057400000
021989101053890000420000829500000
021989101059990000020013004300003
021989101059990000130000351300000
021989101070290000080000124200000
021989101074590000120000020200000
021989101079990000140000463400000
021989101079990000160000000000000
021989101080990000150000354400000
021989101082490000140000238500000
021989101082490000150000145400000
021989101083790000150000129100000
021989101084090000180000011000000
021989101084290000130000053900000
021989101084990000010004871200001
021989101089990000020059720600018
021989101089990000120000176300000
021989101090890000020025702100003
021989101090890000180000120000000
021989101090890000260000499600000
021989101091790000360000000000000
021989101094390000530009345600002
021989101094390000540000155000000
021989101099990000990013651800001
021989101109990000140000165200000
021989101111590000160000000000000
021989101111590000960002039700000
021989101112790000660000122300000
021989101113290000050000023800000
021989101113690000030003423000000
021989101119990000020051916800014
021989101119990000110000150300000
021989101119990000660001441100000
021989101122890000130000842700000
021989101122890000190000496300000
021989101122890000210000097500000
021989101129990000060000365700000
021989101139990000050000051000000
021989101142090000020002463800000
021989101144890000020005963200001
021989101144890000830000000000000
021989101144890000940017158200003
021989101149990000800000471400000
021989101153090000070000160200000
021989101159990000080000625300000
021989101162690000010005867800002
021989101170390000880000698500000
021989101171290000070000052500000
021989101171290000100000047600000
021989101171290000860000325400000
021989101171290000880000626700000
021989101179990000030016623100002
021989101179990000060000309800000
021989101195290000130000013000000
021989101999990000150013633500000
021989101999990000290000315600000
021989101999990000470000090400000
021989101999990000580002597800000
